1 Uniwersytet Warszawski 1 1 2 100,0 97,21 95,22 60,11 68,27 77,55 86,88 89,30 90,19 3,43 51,38 94,15 61,80 100,0 35,17 37,44 51,04 45,42 42,29 47,81 71,43 64,07 100,0 28,08 29,31 65,72 100,0 28,41 47,23 55,97 17,12 77,78
2 Uniwersytet Jagielloński w Krakowie 1 2 1 98,0 100,0 100,0 55,12 59,89 71,58 80,01 100,0 75,51 4,08 88,28 100,0 74,35 37,63 55,44 52,74 56,04 43,90 39,53 51,56 64,03 74,18 62,99 43,09 19,17 61,38 100,0 19,57 39,14 56,71 18,82 91,67
3 Politechnika Warszawska 3 3 3 85,0 54,14 55,60 77,33 82,86 70,15 58,87 50,23 100,0 14,97 58,16 65,57 75,73 31,04 39,27 46,42 61,79 29,11 27,27 49,38 59,44 61,09 44,88 31,58 48,71 51,65 100,0 10,07 14,36 34,72 18,68 69,44
4 Akademia Górniczo-Hutnicza im. Stanisława Staszica w Krakowie 4 4 5 81,3 44,65 54,13 71,65 72,87 67,14 73,17 53,49 100,0 12,00 72,23 70,01 62,95 39,82 36,21 43,62 63,22 34,60 32,41 69,06 72,45 68,99 50,39 9,55 12,95 59,58 100,0 10,35 29,30 19,37 20,08 19,44
5 Politechnika Gdańska 6 6 6 80,1 19,39 41,44 68,40 72,97 84,83 70,03 45,12 88,50 19,22 66,03 52,16 54,79 47,59 39,35 49,96 75,43 41,06 35,57 40,31 75,26 49,36 31,50 26,19 33,27 64,37 100,0 14,34 100,0 52,16 54,90 25,00
6 Uniwersytet im. Adama Mickiewicza w Poznaniu 4 4 4 75,3 55,15 51,89 49,41 55,77 73,65 94,87 80,00 60,54 5,33 7,96 73,02 80,96 15,96 33,42 37,95 40,07 32,74 32,41 40,00 70,66 64,99 39,37 29,03 14,32 56,74 100,0 24,36 24,06 31,99 21,57 44,44
7 Politechnika Wrocławska 8 7 6 74,6 47,12 46,15 70,36 71,87 78,00 53,93 46,98 100,0 18,87 43,24 61,39 42,35 19,82 46,74 53,85 58,32 29,18 26,88 36,88 52,30 56,06 29,92 22,09 23,13 52,84 100,0 10,91 37,08 19,51 12,64 33,33
8= Politechnika Łódzka 9 10 8 74,0 11,09 34,09 68,04 72,93 78,29 61,00 41,86 71,51 27,35 66,19 44,53 56,96 28,56 41,54 35,13 65,28 37,51 28,85 40,94 52,81 68,12 34,65 16,00 47,25 52,25 100,0 10,00 29,26 64,45 36,83 11,11
8= Politechnika Poznańska 12 23 19 74,0 16,04 33,68 70,82 72,93 76,51 59,43 32,09 77,96 28,60 100,0 45,28 69,23 30,27 28,51 48,20 63,19 30,07 30,04 41,56 50,51 50,03 20,47 22,00 30,35 45,06 100,0 7,99 100,0 30,66 15,78 30,56
10 Warszawski Uniwersytet Medyczny 7 12 10 73,0 19,42 38,46 76,98 82,15 71,43 59,75 11,16 49,77 2,65 45,83 39,27 46,47 9,54 72,22 86,89 100,0 49,05 43,87 37,81 40,56 76,73 6,30 32,60 29,10 47,46 0,00 2,15 10,77 37,22 11,08 63,89
11 Politechnika Śląska 12 13 13 70,7 28,32 34,70 68,10 71,11 69,07 75,63 40,47 100,0 28,20 41,51 60,26 42,75 28,40 43,31 32,85 59,52 31,56 33,20 39,38 53,83 67,17 31,50 15,18 23,98 47,90 100,0 12,27 35,57 17,56 10,33 36,11
12= Uniwersytet Medyczny w Białymstoku 20 21 21 69,8 7,99 22,81 62,39 65,00 75,24 66,96 11,16 71,80 2,03 50,75 16,39 74,60 27,45 69,83 83,45 80,26 52,52 41,90 40,31 39,29 80,23 11,02 33,52 30,21 44,31 0,00 1,61 9,64 2,28 0,56 33,33
12= Gdański Uniwersytet Medyczny 9 7 8 69,7 16,63 30,75 64,78 68,36 59,04 68,79 11,16 41,14 3,98 47,90 24,11 53,50 9,46 75,58 83,75 71,91 50,20 47,04 40,63 46,68 80,60 9,45 55,59 50,38 54,19 0,00 1,38 16,97 20,77 7,54 41,67
12= Uniwersytet Medyczny w Łodzi 11 9 11 69,5 4,98 31,28 69,71 69,13 70,04 54,26 11,16 47,51 2,48 27,92 27,07 70,35 12,41 54,25 51,40 99,93 76,17 61,26 58,44 39,29 72,27 7,87 33,54 33,54 48,20 0,00 1,71 19,10 20,88 6,89 55,56
12= Szkoła Główna Handlowa w Warszawie 12 13 11 69,3 29,78 14,25 100,0 100,0 57,14 70,87 10,70 45,68 0,00 0,00 42,23 52,19 30,38 28,88 33,19 24,55 20,79 29,64 33,75 38,27 55,66 41,73 40,49 35,39 39,67 100,0 3,75 16,62 100,0 36,52 30,56
16= Uniwersytet Gdański 16 16 23 68,1 21,35 34,52 55,36 61,90 62,95 65,00 66,98 81,98 9,22 81,02 60,48 48,30 42,33 31,66 42,81 35,33 33,10 30,83 39,38 64,80 53,43 28,35 10,52 26,79 61,08 100,0 15,93 100,0 30,34 13,22 16,67
16= Uniwersytet Medyczny im. Piastów Śląskich we Wrocławiu 16 20 19 68,1 8,69 45,88 66,01 65,02 71,43 50,02 11,16 42,01 4,88 0,00 29,47 37,33 5,24 58,58 78,86 86,99 62,27 58,10 36,88 46,43 94,04 4,72 53,20 45,28 50,90 0,00 0,76 34,44 24,05 11,74 52,78
16= Akademia Leona Koźmińskiego w Warszawie 16 16 13 67,7 34,85 16,68 68,93 47,76 63,59 59,23 11,16 47,14 0,00 0,00 30,73 66,25 8,69 33,60 31,03 43,34 34,94 43,48 42,50 70,15 22,79 42,52 46,64 66,84 69,31 0,00 33,04 100,0 95,33 37,15 27,78
19= Pomorski Uniwersytet Medyczny w Szczecinie 12 16 13 67,6 2,97 15,76 65,31 70,38 73,62 84,72 8,37 37,74 3,60 0,00 20,83 56,16 4,07 94,28 81,76 78,72 96,30 71,15 70,00 36,73 61,20 0,00 42,23 22,32 42,37 0,00 1,75 24,56 6,65 1,84 22,22
19= Uniwersytet Wrocławski 19 10 13 67,1 36,98 39,07 47,19 50,82 68,35 79,53 76,28 75,72 0,73 0,00 53,79 55,88 5,25 37,89 38,46 36,88 30,79 32,81 38,75 61,73 65,80 26,77 28,54 23,71 63,02 100,0 16,24 97,42 40,46 17,68 58,33
21 Uniwersytet Medyczny im. Karola Marcinkowskiego w Poznaniu 16 16 17 66,8 12,37 29,76 67,40 71,39 61,15 75,44 11,16 42,52 0,40 0,00 31,28 49,96 8,12 84,44 100,0 84,26 47,31 39,92 35,63 40,05 90,57 9,45 38,41 36,12 45,66 0,00 2,00 4,40 16,90 3,51 36,11
22 Uniwersytet Medyczny w Lublinie 23 21 21 65,6 7,15 23,92 67,18 68,33 62,11 53,63 11,16 80,62 13,92 71,90 23,61 38,88 2,45 53,61 82,19 81,79 44,72 34,78 39,06 31,89 83,35 11,02 52,22 39,65 41,17 0,00 1,69 21,30 1,63 4,93 38,89
23 Uniwersytet Mikołaja Kopernika w Toruniu 20 13 17 65,0 22,46 45,35 51,24 55,12 67,84 80,01 95,35 52,07 2,15 0,00 66,80 37,75 15,28 41,27 40,89 46,78 36,25 32,81 36,56 50,26 69,78 51,97 23,88 14,52 55,99 100,0 11,60 34,60 20,34 16,22 50,00
24= Uniwersytet SWPS 25 30 27 62,1 18,98 17,39 56,35 51,78 86,20 53,04 16,28 55,93 0,00 0,00 23,11 49,76 65,23 48,56 49,40 60,40 34,75 40,32 41,88 64,54 16,91 4,72 25,88 16,63 72,60 100,0 10,98 57,67 10,06 2,38 30,56
24= Akademia WSB w Dąbrowie Górniczej 29 32 35 62,0 2,11 6,52 56,65 47,23 75,34 67,38 9,30 24,14 0,00 0,00 41,41 35,33 0,00 90,16 37,65 54,35 40,31 49,01 54,69 19,13 11,24 24,32 100,0 100,0 94,16 0,00 30,23 67,44 29,27 10,36 52,78
26= Uniwersytet Śląski w Katowicach 30 27 29 60,5 15,81 27,52 42,79 44,36 69,02 84,92 77,67 52,21 24,43 43,44 53,45 47,45 10,81 29,72 39,44 37,58 25,06 24,51 40,31 61,22 66,03 18,90 16,57 4,73 50,30 100,0 11,37 100,0 25,85 11,26 19,44
26= Uniwersytet Opolski 24 30 38 60,1 3,78 16,39 41,87 42,31 64,76 61,65 40,93 27,46 1,53 0,00 41,64 57,10 9,91 26,01 23,06 39,16 100,0 82,61 100,0 41,84 50,03 7,09 37,15 32,45 51,95 100,0 14,36 75,53 14,26 5,64 25,00
26= Uniwersytet Przyrodniczy we Wrocławiu 30 25 25 60,0 11,54 21,54 38,30 34,50 68,68 73,53 26,98 57,87 31,62 0,00 44,13 63,93 28,74 44,32 49,96 56,75 36,66 31,23 39,69 53,06 68,88 15,75 21,20 17,44 53,44 100,0 5,27 22,84 31,20 15,34 16,67
29= Uniwersytet Łódzki 25 23 23 59,9 16,03 31,73 50,77 57,23 62,90 74,02 70,70 44,28 11,06 0,00 63,06 35,46 23,51 34,65 41,28 36,23 27,96 25,30 41,56 54,59 57,59 21,26 34,60 20,47 49,70 100,0 13,47 61,02 30,40 27,41 44,44
29= Politechnika Krakowska im. Tadeusza Kościuszki 25 32 36 59,8 11,76 24,60 57,34 57,47 76,58 47,29 28,37 100,0 21,34 0,00 43,81 54,02 10,54 30,93 52,30 63,75 29,40 30,43 42,81 45,41 50,09 14,96 16,50 6,78 45,81 100,0 7,85 15,31 23,58 20,01 11,11
29= Szkoła Główna Gospodarstwa Wiejskiego w Warszawie 30 28 30 59,8 23,18 33,11 49,30 52,70 60,07 77,82 40,93 56,03 7,21 8,07 55,91 54,67 17,41 25,98 40,26 46,16 40,01 34,78 40,94 46,68 56,66 15,75 28,04 18,19 49,25 100,0 5,44 26,90 21,03 12,45 41,67
29= Wojskowa Akademia Techniczna im. Jarosława Dąbrowskiego 35 47 43 59,7 4,80 12,39 64,50 69,62 61,56 40,08 24,65 100,0 7,18 47,48 27,75 70,47 14,92 39,25 47,79 57,95 22,09 19,76 38,13 42,60 100,0 15,75 5,52 0,99 32,04 0,00 1,77 12,40 19,45 5,81 2,78
33 Politechnika Lubelska 25 32 27 59,3 4,37 18,21 52,72 54,42 83,09 49,61 19,07 48,61 100,0 17,26 36,27 45,58 1,20 26,86 34,15 73,75 25,25 26,48 47,19 35,71 48,03 2,36 52,86 0,54 55,84 0,00 5,50 52,23 38,79 9,37 5,56
34 Uniwersytet Przyrodniczy w Poznaniu 30 28 31 58,2 11,13 29,07 43,72 44,99 69,97 99,04 29,30 28,77 17,21 12,59 47,49 44,67 10,70 63,21 45,12 58,66 40,50 34,39 41,25 49,74 83,81 11,81 20,07 16,77 43,41 0,00 3,81 8,16 6,29 4,64 25,00
35= Śląski Uniwersytet Medyczny w Katowicach 36 37 31 57,3 4,60 23,91 66,45 67,81 57,14 53,71 11,16 84,88 5,87 15,75 28,25 33,16 5,59 52,63 89,22 75,25 36,06 39,53 35,94 32,14 73,32 7,87 19,29 17,25 41,62 0,00 0,60 10,12 11,71 6,19 33,33
35= Uniwersytet Ekonomiczny w Poznaniu 34 26 25 56,8 10,10 11,13 68,52 75,93 57,14 85,27 7,44 31,98 0,00 0,00 41,31 51,29 5,53 43,51 34,21 28,76 34,59 33,99 41,56 52,55 42,50 33,07 33,24 12,51 42,07 0,00 4,30 67,10 41,11 15,38 22,22
37 Polsko-Japońska Akademia Technik Komputerowych 45 45 50 56,5 6,78 8,19 74,17 56,56 63,52 19,61 6,05 19,05 0,00 0,00 3,92 52,27 42,08 9,47 65,32 80,05 20,56 33,20 37,50 35,71 8,96 6,30 95,87 80,11 50,45 0,00 20,30 46,70 10,46 0,71 27,78
38 Akademia Ekonomiczno-Humanistyczna w Warszawie 41 37 52-60 55,9 1,98 8,94 54,89 42,61 60,65 61,44 6,51 17,78 0,00 0,00 32,25 19,31 0,00 34,80 4,28 29,32 56,22 100,0 79,38 77,81 5,44 1,57 100,0 86,10 97,75 0,00 100,0 20,14 1,37 2,63 63,89
39= Katolicki Uniwersytet Lubelski Jana Pawła II 48 47 43 55,6 8,43 17,28 39,17 30,26 75,33 84,06 43,72 36,30 2,60 0,00 42,18 100,0 0,00 33,42 41,41 26,61 33,12 32,81 44,38 41,33 74,69 1,57 33,01 5,59 29,79 0,00 11,90 64,61 22,29 12,39 11,11
39= Zachodniopomorski Uniwersytet Technologiczny w Szczecinie 36 39 31 55,4 4,15 15,24 56,57 55,95 64,24 83,78 39,53 35,37 30,13 0,00 43,82 48,44 12,77 29,20 32,35 53,41 40,64 35,57 40,00 42,09 84,52 3,94 22,65 0,83 40,42 0,00 2,29 41,20 16,75 30,60 5,56
41= Uczelnia Łazarskiego w Warszawie 35 40 43 55,0 5,62 6,06 63,82 54,45 72,34 38,20 6,51 0,00 0,00 0,00 9,95 42,54 8,29 100,0 11,66 45,47 24,58 33,60 32,19 23,47 21,08 6,30 99,23 67,22 38,92 0,00 22,10 100,0 20,34 8,38 25,00
41= Politechnika Opolska 48 61-70 61-70 54,5 2,12 15,78 54,41 52,98 62,96 62,85 19,07 73,53 15,09 47,49 30,00 34,48 0,00 38,00 29,30 59,55 35,47 35,57 39,69 63,01 56,15 2,36 34,21 4,86 64,07 0,00 13,51 86,23 8,79 20,17 8,33
43= Uniwersytet Kardynała Stefana Wyszyńskiego w Warszawie 41 42 47 53,9 7,01 10,93 49,36 48,52 67,01 82,87 47,44 51,30 1,72 33,44 38,58 61,46 0,00 50,29 43,78 27,67 54,48 44,27 47,19 40,31 49,35 0,00 9,38 0,85 48,65 0,00 10,64 68,35 14,04 3,93 5,56
43= Społeczna Akademia Nauk w Łodzi 42 42 38 53,9 1,01 7,77 56,38 53,71 63,81 19,77 3,26 0,00 0,00 0,00 20,75 14,14 18,63 25,15 0,00 80,79 58,03 59,29 48,75 100,0 9,09 1,57 62,07 85,50 100,0 0,00 19,44 88,89 8,48 2,08 22,22
43= Akademia Wychowania Fizycznego im. J. Kukuczki w Katowicach 48 52-60 36 53,5 2,28 8,70 39,79 49,26 100,0 39,72 3,72 70,21 32,40 0,00 11,59 32,93 0,00 47,37 41,55 89,60 29,64 26,48 36,88 38,52 45,81 0,00 2,17 19,57 64,97 0,00 1,86 18,60 33,42 19,84 2,78
46= Uniwersytet Ekonomiczny w Krakowie 48 47 47 53,3 9,70 12,10 61,10 66,39 58,68 54,05 13,02 40,10 0,12 0,00 43,76 35,89 6,30 43,27 37,05 19,59 27,44 35,18 46,25 45,92 29,79 43,31 24,80 28,27 34,58 0,00 3,31 99,17 34,53 14,31 13,89
46= Politechnika Białostocka 48 52-60 52-60 53,0 3,10 14,85 51,59 54,21 61,18 60,08 23,26 72,51 13,01 70,79 37,76 46,22 0,00 23,29 23,82 54,38 25,90 25,69 35,31 37,50 51,82 11,02 19,31 4,47 40,57 0,00 7,21 84,32 39,22 35,36 16,67
48= Uniwersytet Ekonomiczny we Wrocławiu 54-61 45 38 52,3 8,39 10,57 64,23 67,46 57,14 71,42 9,77 30,65 0,52 0,00 43,71 41,64 15,28 20,76 26,84 27,25 25,06 28,85 43,13 42,35 40,90 33,86 16,32 30,61 38,02 0,00 3,07 100,0 29,66 24,31 8,33
48= Uniwersytet Marii Curie-Skłodowskiej w Lublinie 45 40 43 52,2 12,76 20,28 38,84 38,36 64,94 86,29 67,91 35,28 7,13 18,04 53,48 35,97 9,08 28,44 37,46 33,46 29,11 24,51 39,06 53,32 61,72 21,26 42,87 9,22 44,61 0,00 9,20 19,51 13,87 6,34 30,56
50= Akademia Finansów i Biznesu Vistula 42 52-60 47 51,6 2,07 6,14 61,98 40,50 63,07 45,36 7,91 31,03 5,44 0,00 20,26 51,02 0,00 17,40 0,00 32,24 25,04 39,13 29,06 57,14 6,90 9,45 100,0 100,0 44,61 0,00 33,85 83,08 16,03 4,07 100,0
50= Uniwersytet w Białymstoku 54-61 42 38 51,5 3,72 14,49 39,90 39,43 65,15 76,42 34,42 53,90 7,79 32,40 38,87 27,73 4,96 37,19 40,70 29,86 55,36 44,27 55,00 54,08 60,79 4,72 25,83 0,00 46,86 0,00 10,97 86,69 19,01 8,26 11,11
50= Uniwersytet Zielonogórski 48 47 50 51,3 4,89 24,85 53,26 54,19 63,12 62,87 50,70 10,17 3,73 0,00 41,81 45,32 14,03 36,70 12,72 47,98 47,46 41,90 39,38 46,94 68,54 0,00 10,91 1,62 64,97 0,00 11,33 40,32 10,92 8,44 5,56
50= Uniwersytet Warmińsko-Mazurski w Olsztynie 41 32 31 51,2 12,29 26,07 44,49 38,37 62,19 78,64 69,77 24,96 7,96 0,00 54,29 33,98 5,18 38,32 33,90 43,72 38,38 36,76 37,81 45,92 67,02 25,20 11,09 7,10 41,62 0,00 5,09 11,70 11,14 10,78 25,00
50= Politechnika Częstochowska 42 32 38 51,2 2,85 15,61 51,92 45,03 55,92 65,54 23,72 40,82 11,26 14,57 41,73 35,12 8,08 21,82 38,99 63,96 27,05 26,48 36,56 28,06 83,63 6,30 50,07 11,32 52,25 0,00 5,95 54,21 5,41 24,85 13,89
55-60 Collegium Civitas w Warszawie 54-61 52-60 61-70 - 3,92 5,61 62,51 44,58 57,14 31,85 3,26 0,00 0,00 0,00 8,81 28,76 0,00 44,41 6,56 26,51 20,20 41,50 37,19 74,49 17,58 1,57 100,0 71,16 55,39 0,00 43,37 77,11 54,79 34,85 27,78
55-60 Politechnika Bydgoska im. Jana i Jędrzeja Śniadeckich 54-61 61-70 61-70 - 1,90 11,13 57,63 58,63 62,07 52,51 23,58 30,92 31,03 50,03 35,89 34,71 10,35 30,76 30,63 48,55 30,02 28,06 36,25 38,27 53,96 0,00 5,55 0,00 48,80 0,00 8,06 30,77 8,86 24,89 5,56
55-60 Politechnika Koszalińska 54-61 61-70 71-80 - 0,74 9,90 51,13 50,34 60,05 54,40 12,56 64,63 38,29 0,00 26,30 45,93 3,07 14,04 8,64 43,77 32,58 30,83 40,00 35,97 61,23 1,57 26,55 0,00 57,78 100,0 12,04 54,85 9,16 11,43 5,56
55-60 Uniwersytet Morski w Gdyni 54-61 61-70 61-70 - 0,97 9,82 54,33 43,81 54,34 43,95 12,09 25,35 3,62 41,01 28,95 96,16 5,68 44,24 15,85 39,42 24,85 23,72 30,94 48,47 44,06 0,00 12,42 0,00 25,00 0,00 2,58 11,61 41,28 7,96 5,56
55-60 Uniwersytet Przyrodniczy w Lublinie 62-70 52-60 52-60 - 6,53 16,75 34,14 16,96 65,02 94,09 21,86 25,50 16,14 0,00 41,62 37,26 0,10 70,66 46,40 58,36 32,85 28,06 37,50 42,09 70,50 11,02 13,94 2,45 36,98 0,00 0,00 100,0 11,30 7,82 8,33
55-60 Uniwersytet Rolniczy im. Hugona Kołłątaja w Krakowie 47 47 52-60 - 7,49 15,63 38,30 25,56 67,07 95,34 30,70 36,04 10,66 14,63 44,40 46,15 2,70 35,09 37,58 51,04 35,67 32,81 40,31 60,20 75,94 0,00 8,73 1,32 47,01 0,00 6,95 24,89 10,09 6,82 8,33
61-72 Akademia Marynarki Wojennej im. Bohaterów Westerplatte 54-61 80+ 90+ - 1,82 7,95 44,46 42,27 81,65 27,41 4,65 0,00 5,88 0,00 9,53 50,25 0,00 7,68 8,51 40,79 22,24 22,92 40,00 70,66 66,87 2,36 1,98 0,00 18,41 0,00 3,48 100,0 69,69 23,13 0,00
61-72 Akademia Pożarnicza 62-70 91+ - - 0,42 7,68 78,74 89,04 84,74 31,28 4,65 0,00 5,94 0,00 9,21 43,38 33,07 22,15 27,27 31,92 23,22 19,37 33,44 28,32 36,91 0,00 0,67 0,00 24,10 0,00 3,08 0,00 1,25 0,00 0,00
61-72 Akademia Wychowania Fizycznego i Sportu w Gdańsku 71-82 61-70 61-70 - 1,39 8,00 42,14 47,61 71,43 33,20 3,72 61,76 0,00 0,00 8,04 27,55 0,00 37,58 52,05 92,72 26,53 25,69 36,25 29,85 31,63 0,00 20,64 10,73 83,53 0,00 10,88 24,49 15,78 6,16 8,33
61-72 Akademia Wychowania Fizycznego im. B. Czecha w Krakowie 62-70 80+ 71-80 - 1,43 7,92 36,08 40,68 71,43 31,87 3,72 69,77 2,83 0,00 19,36 54,36 0,00 43,82 51,79 89,89 19,11 20,95 33,75 29,08 40,95 0,00 6,34 0,00 36,23 0,00 0,00 64,18 18,14 4,38 2,78
61-72 Akademia Wychowania Fizycznego im. E. Piaseckiego w Poznaniu 62-70 71-80 80+ - 1,53 7,56 41,13 45,19 100,0 51,09 3,72 50,98 0,00 0,00 13,62 23,46 15,85 43,21 24,56 50,35 29,93 28,06 33,13 35,97 43,86 0,00 5,26 0,00 52,84 0,00 2,01 38,19 59,15 15,20 2,78
61-72 Akademia Wychowania Fizycznego J. Piłsudskiego w Warszawie 71-82 71-80 61-70 - 1,88 8,12 40,88 48,07 71,43 30,91 3,72 48,98 0,00 0,00 16,64 44,07 0,00 38,76 41,99 55,44 25,66 30,83 37,19 22,19 35,30 0,00 10,65 0,00 32,63 0,00 1,35 100,0 34,94 20,86 5,56
61-72 Akademia Wychowania Fizycznego we Wrocławiu 62-70 71-80 71-80 - 2,23 8,62 38,83 40,34 71,43 35,00 3,72 52,27 0,00 0,00 13,98 24,37 0,00 66,22 38,73 86,45 25,31 24,11 33,13 23,47 50,05 0,00 8,59 0,00 47,31 0,00 3,28 81,97 25,32 3,40 2,78
61-72 Politechnika Rzeszowska im. Ignacego Łukasiewicza 54-61 52-60 52-60 - 4,68 18,94 53,73 47,80 59,06 52,37 27,44 39,30 39,61 0,00 36,67 32,70 2,85 29,09 31,74 39,99 28,33 30,04 40,63 34,18 43,34 1,57 5,09 2,92 39,52 0,00 5,53 76,88 9,05 6,05 5,56
61-72 Politechnika Świętokrzyska 62-70 52-60 52-60 - 1,37 9,52 52,93 50,81 65,10 49,28 13,49 76,70 10,12 0,00 27,83 45,07 0,00 30,45 46,35 56,83 15,93 19,76 29,38 17,86 53,84 1,57 27,44 16,77 30,84 0,00 4,08 92,86 8,07 11,16 11,11
61-72 Uniwersytet Ekonomiczny w Katowicach 62-70 52-60 52-60 - 4,09 9,68 55,43 63,27 57,14 63,45 7,44 43,97 0,00 0,00 33,70 37,39 14,01 13,20 36,40 20,81 26,29 34,78 43,75 34,18 31,92 20,47 9,94 25,99 32,49 0,00 0,91 83,83 27,39 10,51 5,56
61-72 Uniwersytet Rzeszowski 62-70 61-70 61-70 - 4,31 17,81 39,27 29,30 64,02 64,07 48,37 27,11 13,52 0,00 40,27 41,76 1,13 41,52 30,26 55,83 27,51 27,67 39,06 40,31 51,36 0,00 9,08 3,58 44,46 0,00 8,09 46,17 7,28 6,71 11,11
61-72 Uniwersytet Szczeciński 62-70 52-60 52-60 - 4,22 11,25 44,17 48,18 63,87 75,27 54,42 40,54 0,00 0,00 49,84 28,97 16,76 24,31 37,44 31,01 28,15 31,62 34,06 38,01 60,08 4,72 22,85 21,00 40,87 0,00 14,60 65,48 13,29 14,38 11,11
73-80 Akademia Pedagogiki Specjalnej w Warszawie 83-90 61-70 61-70 - 2,30 6,15 50,34 63,10 57,00 47,27 9,30 27,03 0,00 0,00 15,46 30,86 0,00 40,75 33,28 12,97 23,21 32,41 34,06 48,21 49,30 0,00 5,82 0,00 43,71 0,00 3,82 2,55 8,46 5,82 5,56
73-80 Politechnika Morska w Szczecinie 71-82 71-80 80+ - 1,24 7,81 47,41 33,02 61,42 31,22 6,98 23,26 8,68 0,00 27,19 26,63 10,23 17,89 29,36 27,47 30,34 32,81 42,19 43,37 37,75 6,30 73,65 18,86 27,54 0,00 4,98 46,47 7,58 1,24 11,11
73-80 Uniwersytet Jana Długosza w Częstochowie 71-82 61-70 71-80 - 0,92 8,69 37,01 17,99 64,63 65,47 26,05 25,58 8,95 47,34 26,40 17,74 3,98 29,23 14,40 27,09 28,53 26,09 45,94 39,80 47,66 0,00 19,31 0,00 69,76 100,0 11,79 98,87 8,88 16,38 2,78
73-80 Uniwersytet Jana Kochanowskiego w Kielcach 71-82 71-80 71-80 - 1,74 15,83 40,26 34,02 56,94 67,61 41,86 34,86 6,49 0,00 36,93 33,32 7,00 33,00 27,95 34,45 23,07 24,11 35,31 35,20 54,86 4,72 13,97 6,55 45,96 0,00 9,50 37,50 7,57 7,56 11,11
73-80 Uniwersytet Kazimierza Wielkiego w Bydgoszczy 71-82 61-70 71-80 - 2,14 10,36 43,87 45,59 57,30 63,58 29,77 41,97 6,58 76,57 39,00 25,88 0,34 27,18 25,09 26,02 21,80 21,34 37,50 33,67 53,84 0,00 16,73 0,00 46,26 0,00 12,04 36,79 7,14 12,69 5,56
73-80 Uniwersytet Papieski Jana Pawła II w Krakowie 71-82 71-80 71-80 - 3,69 6,49 41,81 47,35 64,59 91,58 17,67 49,12 1,76 0,00 0,65 41,87 0,00 54,07 40,97 7,65 5,29 14,23 21,56 27,81 61,42 1,57 18,84 2,96 16,77 0,00 1,65 24,79 18,39 8,40 5,56
73-80 Uniwersytet Pomorski w Słupsku 71-82 71-80 71-80 - 0,45 4,31 50,15 51,58 55,48 44,01 12,09 23,66 0,00 0,00 29,55 29,33 0,00 41,32 3,70 18,77 22,66 26,48 39,06 36,48 49,40 0,00 93,12 1,14 47,31 0,00 13,41 10,98 7,07 100,0 11,11
73-80 Uniwersytet WSB Merito w Poznaniu 71-82 71-80 71-80 - 2,05 0,00 58,14 49,30 68,93 15,16 4,19 0,00 0,00 0,00 20,22 14,98 6,50 28,04 0,00 53,06 46,01 50,99 56,25 56,89 6,46 11,02 21,05 7,82 35,03 0,00 1,36 31,19 1,39 0,64 38,89
81-90 Akademia Bialska im. Jana Pawła II 83-90 - - - 0,87 0,00 49,81 46,70 57,14 14,16 1,86 0,00 0,00 0,00 17,65 23,44 0,00 29,22 0,00 63,88 22,32 21,34 30,94 21,17 36,69 0,00 60,64 0,00 42,66 0,00 5,06 100,0 31,75 5,20 5,56
81-90 Akademia Humanitas w Sosnowcu 83-90 80+ 90+ - 0,80 3,58 56,26 39,85 53,16 39,35 3,26 0,00 0,00 0,00 0,18 2,72 0,00 50,90 6,27 7,44 30,36 33,60 44,69 27,04 18,81 0,00 65,58 62,67 32,34 0,00 73,12 12,90 6,55 9,66 5,56
81-90 Akademia Katolicka w Warszawie 71-82 80+ 80+ - 0,96 1,94 64,15 91,99 57,14 52,72 3,72 50,00 0,00 0,00 0,07 14,05 0,00 40,60 17,14 6,99 2,78 13,83 22,19 14,29 46,09 1,57 42,54 0,00 15,72 0,00 0,00 0,00 0,00 0,00 5,56
81-90 Krakowska Akademia im. Andrzeja Frycza Modrzewskiego 83-90 80+ 80+ - 3,88 4,53 47,63 46,74 53,53 39,87 6,51 0,00 0,00 0,00 13,46 10,02 0,00 59,89 4,50 28,77 25,18 24,90 28,75 21,17 28,20 3,15 62,59 9,64 39,97 0,00 6,86 37,25 5,85 3,92 11,11
81-90 Uniwersytet Bielsko-Bialski 83-90 80+ 80+ - 0,72 1,78 54,14 54,91 58,13 54,04 13,49 20,88 2,39 0,00 28,21 29,25 0,00 28,67 0,00 34,31 19,25 22,53 40,94 28,57 42,57 0,00 7,68 0,38 55,09 0,00 15,95 99,67 9,72 3,78 2,78
81-90 Uniwersytet Dolnośląski DSW we Wrocławiu 71-82 71-80 61-70 - 1,79 5,86 50,26 48,14 71,43 40,30 6,05 0,00 0,00 0,00 11,58 45,76 0,00 18,74 0,00 18,21 23,15 26,09 34,06 61,22 9,52 0,00 26,57 9,82 49,85 0,00 21,62 79,28 2,72 1,51 11,11
81-90 Uniwersytet Ignatianum w Krakowie 83-90 80+ 80+ - 3,12 6,24 38,96 41,29 66,21 52,78 11,63 65,63 0,00 0,00 12,01 36,16 8,70 19,65 22,34 11,45 23,36 22,13 24,06 44,13 44,52 1,57 6,33 0,00 19,16 0,00 13,62 62,98 7,41 9,57 5,56
81-90 Uniwersytet Komisji Edukacji Narodowej w Krakowie 71-82 61-70 61-70 - 1,98 11,26 42,27 37,90 60,04 57,48 42,33 52,04 0,68 0,00 37,61 29,76 0,70 36,78 19,76 19,94 21,55 24,90 34,69 42,35 31,94 6,30 9,21 0,12 51,20 0,00 15,52 69,18 14,65 6,51 8,33
81-90 Uniwersytet Radomski im. Kazimierza Pułaskiego 83-90 80+ 80+ - 0,40 7,64 48,34 47,20 57,14 57,12 16,74 0,00 6,25 0,00 25,15 28,35 0,00 22,56 13,33 33,14 21,70 21,34 36,25 26,79 44,74 0,00 23,55 0,00 53,59 0,00 8,03 100,0 13,14 5,59 5,56
81-90 Uniwersytet w Siedlcach 83-90 71-80 71-80 - 1,25 3,71 43,17 31,60 53,48 73,94 21,86 30,00 9,66 51,12 31,85 28,12 0,00 26,85 12,31 31,46 18,43 17,79 32,19 18,88 56,66 0,00 19,03 0,00 33,53 0,00 7,71 94,77 6,66 8,12 8,33
90+ Akademia Górnośląska im. Wojciecha Korfantego w Katowicach 90+ - - - 1,63 3,68 48,58 49,17 57,14 36,24 2,33 0,00 0,00 0,00 0,02 15,00 0,00 0,00 11,35 0,65 28,05 71,15 21,56 0,00 21,95 0,00 22,92 16,63 25,00 0,00 7,92 99,01 8,10 8,69 8,33
90+ Akademia im. Jakuba z Paradyża 90+ 91+ 90+ - 0,94 3,60 49,68 53,17 49,47 54,16 2,79 25,81 34,51 0,00 0,00 54,27 0,00 30,52 0,00 0,00 0,00 0,00 0,00 0,00 67,15 0,00 26,05 0,00 0,00 0,00 5,61 99,07 0,00 2,79 2,78
90+ Akademia Jagiellońska w Toruniu 90+ - - - 1,07 0,00 52,08 54,28 57,14 57,19 3,26 0,00 0,00 0,00 0,00 0,00 0,00 0,00 27,99 0,00 0,00 0,00 0,00 0,00 44,21 0,00 100,0 100,0 0,00 0,00 100,0 25,00 0,00 0,00 2,78
90+ Akademia Kujawsko-Pomorska w Bydgoszczy 90+ - - - 1,17 0,00 51,16 50,53 57,14 100,0 1,86 0,00 0,00 0,00 0,00 16,98 0,00 61,30 0,00 0,00 0,00 0,00 0,00 0,00 36,36 0,00 8,59 0,00 0,00 0,00 78,69 100,0 0,00 16,30 2,78
90+ Akademia Śląska w Katowicach 90+ - - - 1,41 0,00 42,48 53,36 57,91 13,74 5,58 0,00 0,00 0,00 0,00 25,25 0,00 30,08 13,33 0,00 0,00 0,00 0,00 0,00 52,93 0,00 15,88 1,66 0,00 0,00 2,70 5,41 3,11 0,86 2,78
90+ Akademia Tarnowska 90+ - - - 1,20 0,00 51,22 55,90 65,43 9,73 1,86 0,00 0,00 0,00 0,00 20,90 6,31 54,26 0,00 0,00 0,00 0,00 0,00 0,00 22,13 0,00 5,31 0,00 0,00 0,00 2,13 44,68 4,55 2,40 2,78
90+ Akademia Wymiaru Sprawiedliwości w Warszawie - - - - 0,03 0,00 15,53 16,27 71,43 14,70 1,86 0,00 0,00 0,00 0,00 14,01 0,00 0,00 0,00 0,00 0,00 0,00 0,00 0,00 45,48 0,00 32,03 0,00 0,00 0,00 100,0 0,00 0,00 0,00 19,44
90+ Lubelska Akademia WSEI - - - - 1,18 0,00 50,83 32,10 50,81 32,86 1,86 12,50 33,03 0,00 0,00 2,38 0,00 38,93 0,00 0,00 0,00 0,00 0,00 0,00 7,76 3,15 82,11 100,0 0,00 0,00 12,12 97,00 0,27 0,00 19,44
90+ Międzyn. Wyższa Szkoła Logistyki i Transportu we Wrocławiu 90+ - - - 0,22 0,00 54,17 26,76 57,14 42,36 0,93 0,00 0,00 0,00 0,11 16,55 0,00 0,00 0,00 14,94 9,62 12,65 26,25 0,00 10,90 0,00 100,0 55,92 25,00 0,00 33,33 100,0 4,23 2,60 13,89
90+ Uniwersytet Kaliski im. Prezyd. Stanisława Wojciechowskiego 90+ 91+ 90+ - 0,81 2,17 53,38 57,59 57,14 53,51 5,58 6,67 16,25 0,00 0,00 29,46 0,00 47,64 14,56 0,00 0,00 0,00 0,00 0,00 44,87 0,00 11,18 0,00 0,00 0,00 4,86 90,69 3,93 12,46 2,78
90+ Uniwersytet WSB Merito w Gdańsku 90+ 91+ 90+ - 1,08 0,00 51,13 48,83 66,92 30,55 5,58 0,00 0,00 0,00 0,00 43,40 0,00 19,87 0,00 0,00 0,00 0,00 0,00 0,00 7,64 11,02 22,34 10,66 0,00 0,00 22,80 0,00 6,39 0,90 25,00
90+ Uniwersytet WSB Merito w Toruniu 90+ - - - 0,74 0,00 59,25 49,80 57,14 11,40 1,86 0,00 0,00 0,00 0,00 45,37 0,00 10,93 0,00 0,00 0,00 0,00 0,00 0,00 6,79 0,00 15,96 13,19 0,00 0,00 0,00 14,95 0,58 0,07 19,44
