1= Uniwersytet Warszawski P 1 1 100,00 83,06 95,74 65,13 74,20 89,51 86,43 86,10 100,00 7,57 44,57 83,94 87,29 100,00 50,05 33,88 46,78 26,40 35,96 63,17 68,01 100,00 28,57 34,63 26,42 100,00 40,46 36,75 46,27 39,26 100,00
1= Uniwersytet Jagielloński w Krakowie P 2 2 99,67 100,00 100,00 63,05 60,72 82,56 81,42 97,76 92,20 7,29 79,66 100,00 79,93 59,41 56,91 54,80 50,59 33,85 41,80 57,81 84,79 58,06 43,52 27,77 33,46 100,00 27,05 35,99 46,67 43,64 92,04
3 Politechnika Warszawska P 3 3 92,32 68,63 53,77 84,46 86,85 80,76 60,91 48,43 100,00 26,58 59,98 70,42 62,19 59,79 55,23 44,71 50,99 22,05 41,12 57,37 64,08 91,40 27,79 45,89 21,53 100,00 15,43 15,06 30,67 38,94 81,42
4 Akademia Górniczo-Hutnicza im. Stanisława Staszica w Krakowie P 4 4 86,13 45,35 56,49 86,48 76,33 77,45 70,75 54,26 100,00 19,44 100,00 88,91 46,02 59,07 49,80 29,72 53,46 25,78 60,00 72,54 70,16 61,29 10,01 17,44 26,81 100,00 20,51 39,16 15,33 43,25 55,75
5 Politechnika Gdańska P 5 5 84,95 35,13 46,06 79,20 79,86 97,33 69,60 46,19 100,00 25,57 41,40 76,14 64,72 68,82 57,24 43,02 64,31 31,06 32,58 74,78 50,08 30,11 24,08 49,52 35,23 100,00 21,41 66,95 28,12 33,37 46,02
6 Politechnika Wrocławska P 7 7 79,40 44,99 43,12 84,91 74,91 89,98 56,84 46,64 100,00 22,19 27,22 75,75 50,20 50,95 56,04 48,53 47,66 23,29 28,54 54,69 64,57 31,18 23,89 32,89 25,05 100,00 13,73 51,50 20,67 35,55 57,52
7 Uniwersytet im. Adama Mickiewicza w Poznaniu P 6 6 77,90 67,69 51,48 59,63 61,21 84,91 95,54 77,13 73,46 6,39 6,45 66,54 63,10 18,57 45,82 30,92 35,28 26,09 29,21 66,07 74,06 59,14 25,41 12,43 28,18 100,00 29,48 31,58 29,26 22,23 61,95
8= Politechnika Łódzka P 9 8 76,12 17,40 26,97 80,68 79,74 90,11 61,53 41,70 86,14 37,05 23,34 47,28 36,62 54,37 44,44 42,94 48,39 22,05 30,56 53,57 66,69 39,78 22,01 65,55 24,66 100,00 12,31 56,11 58,38 75,15 37,17
8= Politechnika Śląska P 10 11 75,95 27,02 42,29 77,79 71,11 79,84 76,39 40,36 99,83 35,60 19,42 96,19 35,08 45,24 35,94 32,09 55,43 30,43 34,16 66,07 69,84 47,31 31,19 38,25 32,49 100,00 13,95 36,61 16,99 19,11 40,71
10= Politechnika Poznańska P 8 8 74,96 22,17 30,70 80,88 75,17 87,57 61,10 32,29 82,55 41,67 59,66 66,63 32,20 42,64 60,48 57,08 52,05 23,91 32,36 54,69 49,07 38,71 21,06 29,52 27,40 100,00 14,88 74,71 25,99 32,70 46,90
10= Uniwersytet Medyczny w Białymstoku P 12 12 74,89 22,01 19,67 79,55 66,02 87,03 68,73 10,76 91,13 3,66 60,97 25,93 91,19 39,65 84,60 80,51 74,69 34,47 31,46 50,67 60,49 15,05 28,82 27,73 42,66 0,00 6,50 19,49 2,94 1,15 44,25
10= Uniwersytet Gdański P 11 16 74,62 42,78 33,22 60,37 63,25 72,85 65,52 71,30 87,77 6,89 20,49 82,29 53,30 62,75 57,08 48,60 31,12 25,78 32,13 65,40 58,52 41,94 10,88 31,45 26,42 100,00 20,48 100,00 32,76 34,23 38,94
13= Gdański Uniwersytet Medyczny P 12 12 74,18 16,05 29,27 78,15 72,82 68,17 69,48 10,76 52,45 7,04 58,05 38,58 31,90 27,20 74,05 67,01 60,36 56,83 40,67 51,34 92,78 33,33 38,78 36,54 52,05 100,00 4,16 7,08 17,62 24,35 54,87
13= Szkoła Główna Handlowa w Warszawie P 12 12 74,17 24,64 12,31 100,00 91,12 65,83 70,01 10,31 44,71 0,00 0,00 69,41 69,52 50,65 28,56 32,96 23,71 28,57 29,89 41,07 56,03 63,44 40,12 48,36 20,16 100,00 13,94 18,77 90,75 75,16 60,18
15= Uniwersytet Medyczny w Łodzi P 12 12 73,23 13,80 31,01 84,87 69,77 80,52 55,57 10,76 77,38 6,25 10,29 39,93 99,57 33,62 69,45 62,89 92,84 53,73 44,27 42,63 54,49 12,90 27,87 28,48 67,91 0,00 2,14 18,86 9,20 5,76 65,49
15= Uniwersytet Wrocławski P 17 19 73,18 50,22 36,48 58,08 57,32 78,80 80,31 77,58 79,19 2,34 0,00 37,33 70,37 25,42 44,67 36,74 32,04 34,78 36,40 57,81 73,01 21,51 32,67 30,03 27,01 100,00 20,77 87,97 36,13 35,95 89,38
15= Akademia Leona Koźmińskiego w Warszawie N 17 16 73,00 20,84 17,53 80,45 80,60 73,35 55,24 10,76 60,00 0,00 4,61 56,11 33,55 51,07 44,31 18,96 49,16 36,02 34,16 63,62 19,50 54,84 46,02 79,49 27,79 100,00 43,15 100,00 100,00 87,46 54,87
18 Warszawski Uniwersytet Medyczny P 16 10 72,69 22,57 33,76 80,42 61,40 82,29 64,51 10,76 78,08 5,95 38,71 55,19 46,07 29,31 78,77 68,89 84,74 50,31 40,45 42,63 73,73 10,75 27,39 25,54 53,03 0,00 3,41 18,93 22,32 19,74 69,91
19 Uniwersytet Mikołaja Kopernika w Toruniu P 20 23 71,74 38,74 42,47 62,95 57,32 77,84 80,07 100,00 62,64 5,71 21,24 65,95 44,19 39,58 50,63 50,74 42,05 25,47 29,21 50,67 77,46 55,91 21,90 12,55 26,22 100,00 14,22 16,75 18,25 25,43 49,56
20 Uniwersytet Łódzki P 23 29 70,52 31,10 23,26 61,48 67,46 72,52 74,97 70,85 56,48 12,63 8,23 77,05 64,97 46,13 40,90 46,62 33,24 21,12 33,03 49,78 64,86 32,26 32,15 29,27 20,74 100,00 15,64 67,06 35,90 61,84 53,10
21 Uniwersytet Medyczny im. Piastów Śląskich we Wrocławiu P 17 16 68,73 19,99 43,87 83,73 40,83 82,29 48,44 10,76 39,84 13,06 7,05 45,09 37,41 24,33 74,22 60,70 86,00 48,45 30,56 55,80 81,79 8,60 47,29 41,68 59,49 0,00 7,31 20,38 17,12 19,84 56,64
22= Uniwersytet Medyczny w Lublinie P 21 22 67,85 12,37 23,67 85,06 69,17 71,81 58,14 10,76 84,84 35,08 38,01 34,32 53,50 26,08 71,40 87,22 83,85 31,06 32,58 40,85 52,74 10,75 34,87 32,61 36,99 0,00 4,03 26,01 1,68 9,07 44,25
22= Uniwersytet Przyrodniczy we Wrocławiu P 27 26 67,77 15,42 13,80 56,25 37,41 78,16 78,33 27,35 55,34 39,52 6,03 67,22 72,06 45,27 71,61 46,95 47,55 26,71 29,21 64,06 82,34 23,66 22,67 20,71 26,42 100,00 6,42 49,64 17,64 45,01 35,40
22= Pomorski Uniwersytet Medyczny w Szczecinie P 23 19 67,77 6,87 17,24 75,46 64,43 85,07 75,66 9,42 51,83 15,81 0,00 22,23 61,99 21,47 69,46 62,30 64,92 65,22 55,28 43,08 69,74 0,00 41,07 42,02 81,41 0,00 3,87 8,51 5,51 4,19 32,74
25= Szkoła Główna Gospodarstwa Wiejskiego w Warszawie P 29 29 66,88 19,76 25,11 65,00 67,82 69,12 77,70 42,15 63,79 9,40 0,00 90,20 52,11 44,97 50,28 34,51 40,95 29,19 31,69 54,02 68,62 27,96 28,31 22,00 31,51 100,00 5,93 43,72 18,01 31,82 64,60
25= Politechnika Krakowska im. Tadeusza Kościuszki P 21 29 66,88 17,13 25,27 71,27 63,47 87,87 49,78 28,70 100,00 22,24 25,72 60,01 49,96 30,11 38,00 48,56 54,39 25,16 36,63 57,37 43,77 24,73 15,68 31,49 28,96 100,00 6,75 28,17 6,56 58,30 33,63
27 Uniwersytet Medyczny im. Karola Marcinkowskiego w Poznaniu P 23 21 65,58 18,49 20,57 80,17 65,49 70,37 74,64 10,76 48,25 1,15 0,00 43,94 31,06 21,75 75,76 75,18 75,48 39,75 35,06 40,85 88,56 12,90 35,60 34,38 42,07 0,00 6,29 15,32 10,26 7,81 56,64
28= Uniwersytet Opolski P 29 26 64,96 8,69 20,25 59,59 47,89 74,48 61,52 46,19 60,00 0,94 0,00 28,54 51,25 22,61 41,71 18,95 36,87 100,00 90,34 38,17 48,32 9,68 38,49 36,18 100,00 100,00 17,09 80,11 10,54 14,27 37,17
28= Polsko-Japońska Akademia Technik Komputerowych w Warszawie N 29 37 64,87 1,66 7,37 97,86 69,62 72,52 20,06 7,17 73,68 0,00 0,00 23,32 35,60 68,93 100,00 56,47 61,41 25,47 26,29 39,06 4,17 6,45 100,00 94,44 19,18 100,00 32,99 43,30 7,79 6,38 60,18
30 Uniwersytet Śląski w Katowicach P 27 26 64,30 26,51 24,63 55,13 43,74 79,62 86,50 80,27 62,41 22,99 7,82 68,76 61,93 32,38 39,21 37,96 33,79 22,05 33,03 54,24 74,15 16,13 17,13 11,74 21,33 100,00 15,23 69,36 25,40 22,47 34,51
31= Śląski Uniwersytet Medyczny w Katowicach P 34 35 63,66 10,94 22,87 84,73 62,03 65,83 54,00 10,76 73,32 11,83 9,48 45,69 34,34 23,32 76,73 70,63 79,17 52,17 38,43 35,04 65,50 21,51 19,76 17,14 55,58 0,00 1,14 9,95 5,06 7,51 49,56
31= Uniwersytet Przyrodniczy w Poznaniu P 35 34 63,32 14,92 26,12 64,82 55,32 80,95 100,00 32,29 34,75 23,02 10,32 74,92 40,04 32,51 63,66 41,60 51,22 27,02 30,79 56,03 100,00 3,23 22,67 19,48 27,20 0,00 4,97 15,45 7,18 12,59 38,05
33= Akademia WSB w Dąbrowie Górniczej N 23 24 62,99 3,10 6,55 73,40 71,82 85,95 55,86 8,97 15,00 0,00 0,00 59,21 78,30 12,64 62,33 35,56 48,14 36,65 40,22 45,31 9,51 33,33 58,63 82,32 28,57 0,00 27,27 52,73 26,45 18,24 57,52
33= Uniwersytet SWPS N 29 24 62,58 19,07 13,44 67,05 57,94 100,00 45,55 18,39 57,98 0,00 0,00 29,29 53,02 75,92 71,71 44,55 46,81 32,92 33,48 60,71 14,85 0,00 27,75 12,64 26,61 100,00 14,95 29,16 12,40 6,95 69,91
35 Politechnika Lubelska P 33 33 62,17 7,04 16,12 68,13 61,41 94,33 48,67 21,08 58,39 100,00 19,21 55,81 46,96 17,38 37,43 36,21 54,89 20,50 38,65 38,84 52,45 3,23 41,44 0,53 16,24 0,00 3,19 100,00 20,45 72,80 0,00
36 Zachodniopomorski Uniwersytet Technologiczny w Szczecinie P 35 39 61,46 10,27 16,19 71,96 58,02 74,22 83,80 39,46 43,36 37,47 6,84 66,61 32,02 33,88 46,78 28,93 41,13 26,40 29,89 49,78 90,62 7,53 23,74 0,00 32,09 100,00 4,01 45,21 16,08 60,22 10,62
37 Uczelnia Łazarskiego w Warszawie N 39 41 60,82 2,48 5,68 77,05 75,28 83,44 35,35 11,66 0,00 0,00 0,00 15,62 48,47 34,85 91,89 39,64 47,25 34,16 26,07 35,71 15,21 4,30 93,17 100,00 23,29 0,00 26,19 100,00 17,30 26,56 37,17
38 Uniwersytet VIZJA N 35 38 59,55 1,21 8,92 70,95 76,47 69,49 55,95 11,66 0,00 0,00 0,00 66,24 11,13 0,00 73,75 14,71 58,89 63,98 55,51 100,00 5,96 4,30 91,45 64,01 34,83 0,00 100,00 10,31 2,22 6,17 89,38
39= Uniwersytet Ekonomiczny we Wrocławiu P 43 48 58,74 7,51 10,35 77,19 70,06 65,83 67,73 9,42 31,55 0,76 0,00 59,86 66,50 55,06 20,00 17,88 25,91 25,16 36,85 57,14 36,80 37,63 15,76 35,57 20,94 0,00 3,94 100,00 23,89 46,67 34,51
39= Akademia Pożarnicza w Warszawie P 55-60 61-72 58,60 2,02 5,02 91,32 100,00 97,88 34,89 7,17 0,00 8,89 0,00 46,95 100,00 63,31 53,90 58,54 27,49 16,15 25,17 34,60 34,34 0,00 0,64 0,00 17,03 0,00 0,00 0,00 0,00 9,46 0,00
39= Uniwersytet Warmińsko-Mazurski w Olsztynie P 45 50 58,31 18,86 29,89 61,99 37,44 71,83 79,28 73,99 44,83 8,20 0,00 82,47 41,89 24,65 40,52 29,95 36,99 34,47 30,79 51,79 68,66 25,81 10,26 6,51 40,12 100,00 7,23 16,00 7,50 12,09 39,82
39= Uniwersytet Marii Curie-Skłodowskiej w Lublinie P 45 48 58,27 24,72 18,48 53,52 40,39 74,95 88,41 66,82 43,51 11,04 9,76 57,86 51,26 17,20 44,74 34,47 28,40 20,19 29,44 49,11 65,07 35,48 43,18 8,57 23,48 0,00 10,93 31,96 14,19 14,52 46,02
43= Politechnika Białostocka P 49 46 58,10 7,74 12,65 66,81 55,71 70,63 61,55 27,80 80,00 11,90 0,00 56,42 28,29 17,09 41,49 40,60 44,75 21,43 28,54 47,54 50,24 25,81 14,17 23,42 22,50 100,00 6,56 100,00 54,69 88,54 20,35
43= Uniwersytet Ekonomiczny w Krakowie P 43 46 57,63 8,25 11,77 73,65 72,91 67,51 53,31 12,56 42,86 0,64 0,00 67,26 43,13 17,10 30,68 31,79 17,36 30,43 39,78 55,36 29,70 53,76 25,55 36,87 23,48 0,00 2,66 100,00 34,72 30,13 49,56
45 Politechnika Opolska P 39 41 57,58 5,47 18,20 72,58 60,28 72,55 60,87 23,77 99,15 10,17 12,02 47,75 36,66 0,00 38,16 30,32 46,92 31,99 32,58 66,52 56,39 3,23 30,87 4,02 38,36 100,00 15,11 65,49 17,11 33,22 17,70
46= Katolicki Uniwersytet Lubelski Jana Pawła II P 50 39 56,83 15,20 13,74 53,00 32,25 87,31 83,42 45,29 54,50 1,45 0,00 31,93 75,31 0,00 40,49 29,19 28,23 36,65 42,92 37,28 83,27 8,60 31,42 8,28 40,51 0,00 15,09 41,81 27,34 24,93 26,55
46= Wojskowa Akademia Techniczna im. J. Dąbrowskiego w Warszawie P 35 29 56,55 9,41 11,40 80,38 74,25 70,92 38,14 25,11 100,00 11,60 12,10 35,95 35,53 33,40 36,18 37,90 44,19 18,32 28,31 42,63 73,09 26,88 6,31 1,76 22,50 0,00 1,65 11,93 13,39 20,23 10,62
46= Uniwersytet Ekonomiczny w Poznaniu P 39 35 56,46 10,00 10,65 71,36 77,50 65,83 82,61 7,17 40,63 0,43 0,00 66,17 55,56 0,00 17,09 25,13 26,24 25,78 31,69 61,83 46,88 45,16 29,50 13,49 23,48 0,00 5,88 63,03 13,05 31,87 52,21
46= Akademia Finansów i Biznesu Vistula N 45 50 56,34 1,12 5,89 73,01 76,34 73,85 30,12 8,97 10,00 0,00 0,00 56,59 26,02 0,00 71,64 8,57 21,44 33,23 30,11 70,54 5,33 19,35 100,00 100,00 27,20 0,00 43,14 88,24 5,38 5,37 88,50
50= Uniwersytet Szczeciński P 55-60 61-72 54,85 9,44 13,42 54,79 57,02 73,66 72,17 56,50 45,22 0,96 3,15 73,72 49,12 37,68 32,00 23,98 27,63 26,40 28,99 42,19 64,87 6,45 22,07 25,36 30,14 0,00 14,71 39,22 19,48 39,42 32,74
50= Uniwersytet Rolniczy im. Hugona Kołłątaja w Krakowie P 50 55-60 54,72 12,42 17,07 57,99 29,57 77,19 95,71 32,29 40,73 15,12 11,00 69,04 30,46 26,00 53,34 34,62 41,31 26,09 30,79 66,52 89,65 0,00 9,63 1,44 23,87 0,00 7,95 28,98 8,84 26,75 17,70
50= Politechnika Częstochowska P 50 50 54,69 5,01 12,48 70,76 47,63 64,33 67,34 21,52 40,93 16,87 3,29 62,18 39,02 24,77 26,18 25,23 50,31 22,98 30,79 31,92 84,70 17,20 61,30 8,03 23,48 0,00 6,81 12,95 9,28 74,82 23,89
53-61 Politechnika Koszalińska P 61-72 55-60 - 3,04 4,98 70,01 58,19 69,77 52,76 12,11 86,84 20,13 0,00 46,90 46,62 0,00 20,37 4,96 36,36 22,05 28,09 46,21 67,64 4,30 20,53 2,50 24,46 100,00 12,20 54,24 2,00 14,03 0,00
53-61 Politechnika Rzeszowska im. Ignacego Łukasiewicza P 61-72 61-72 - 7,81 15,89 69,23 48,95 67,98 54,83 31,84 45,21 50,42 10,45 56,44 38,44 22,15 43,03 32,92 33,62 22,36 29,89 39,96 47,38 7,53 4,79 1,13 26,61 0,00 6,36 49,88 8,38 22,05 0,00
53-61 Społeczna Akademia Nauk w Łodzi N 42 43 - 0,30 7,36 66,80 64,60 73,78 25,41 4,48 0,00 0,00 0,00 42,44 36,99 0,00 53,03 3,67 49,59 51,24 51,69 84,15 4,30 4,30 49,89 100,00 30,33 0,00 35,04 100,00 9,17 5,80 26,55
53-61 Uniwersytet Ekonomiczny w Katowicach P 55-60 61-72 - 5,45 9,68 67,80 69,00 65,83 63,19 7,17 56,20 0,00 0,00 56,50 42,22 0,00 29,02 23,17 19,20 40,37 41,80 49,11 33,42 25,81 11,38 32,02 33,86 100,00 0,90 79,28 26,32 26,23 37,17
53-61 Uniwersytet Kardynała Stefana Wyszyńskiego w Warszawie P 50 43 - 13,59 9,48 60,07 58,32 76,83 84,51 48,43 62,00 2,69 0,00 31,58 52,09 0,00 51,72 21,22 26,51 21,74 27,64 37,50 58,50 8,60 9,25 3,39 25,24 0,00 10,45 62,17 25,38 11,64 23,01
53-61 Uniwersytet Przyrodniczy w Lublinie P 61-72 55-60 - 10,67 14,68 51,28 15,46 75,00 94,75 25,11 32,30 21,52 0,00 63,52 35,32 11,22 49,70 30,54 45,87 23,60 27,87 50,00 84,59 21,51 19,43 4,92 26,61 0,00 2,54 100,00 4,21 31,53 24,78
53-61 Uniwersytet w Białymstoku P 55-60 50 - 8,72 18,49 53,95 44,11 75,60 75,53 39,91 74,16 3,02 11,41 34,59 29,82 16,99 33,18 26,88 24,89 28,57 45,39 48,88 69,45 13,98 26,20 0,00 50,68 0,00 16,02 71,27 16,99 25,06 0,00
53-61 Uniwersytet WSB Merito w Gdańsku N 92+ 90+ - 0,84 6,59 66,16 60,26 75,93 28,11 8,07 0,00 0,00 0,00 56,54 26,28 0,00 83,85 0,00 32,61 56,52 100,00 77,01 3,77 23,66 21,45 8,47 39,14 0,00 25,49 76,47 6,59 1,90 46,02
53-61 Uniwersytet Zielonogórski P 50 50 - 9,75 19,70 69,61 56,69 72,67 61,62 63,68 17,63 4,55 16,58 52,82 30,09 27,80 33,43 25,36 35,52 32,92 28,76 54,02 58,04 0,00 10,02 0,42 30,14 0,00 10,82 25,54 15,80 22,73 14,16
62-70 Akademia Humanitas w Sosnowcu N 61-72 81-90 - 1,26 3,65 79,89 81,92 60,83 36,50 3,14 0,00 0,00 0,00 41,60 15,17 0,00 72,50 23,53 14,79 26,40 30,79 52,68 13,22 0,00 68,63 64,50 14,29 0,00 79,21 7,92 3,56 2,34 0,00
62-70 Politechnika Bydgoska im. Jana i Jędrzeja Śniadeckich P 55-60 55-60 - 4,33 9,19 71,28 61,17 71,43 51,39 27,80 6,52 21,90 47,60 58,17 29,22 27,45 37,87 34,34 39,60 22,36 28,09 42,86 47,38 4,30 4,12 0,00 22,70 0,00 6,55 32,73 4,31 34,29 0,00
62-70 Politechnika Świętokrzyska w Kielcach P 61-72 61-72 - 2,74 7,32 67,91 37,94 74,97 42,60 14,35 98,80 31,20 0,00 50,38 41,03 0,00 38,64 32,47 50,52 15,53 22,47 28,35 47,00 4,30 32,38 15,05 14,68 0,00 5,01 57,14 6,93 28,37 21,24
62-70 Uniwersytet Civitas w Warszawie N 55-60 55-60 - 2,05 5,28 66,98 67,56 65,83 33,21 3,14 0,00 0,00 0,00 46,21 14,79 0,00 26,38 0,00 34,91 25,78 28,99 66,29 13,22 0,00 100,00 45,32 17,22 0,00 54,05 100,00 45,61 100,00 35,40
62-70 Uniwersytet Morski w Gdyni P 61-72 55-60 - 2,79 9,37 73,51 52,47 62,77 46,00 11,66 47,95 4,70 2,07 47,14 80,11 21,31 22,17 20,87 29,70 21,43 26,29 51,34 49,03 6,45 16,78 0,43 29,55 0,00 4,92 13,54 41,43 16,25 0,00
62-70 Uniwersytet Papieski Jana Pawła II w Krakowie P 73-82 73-80 - 5,21 5,54 55,69 52,17 73,51 82,71 17,04 43,81 0,83 0,00 9,36 59,10 0,00 64,80 37,67 9,04 23,60 18,43 40,18 71,83 8,60 14,52 2,40 9,00 0,00 1,54 12,31 12,14 20,62 19,47
62-70 Uniwersytet Pomorski w Słupsku P 73-82 73-80 - 1,30 4,38 67,84 60,21 64,30 43,76 13,00 40,28 0,00 0,00 57,31 25,40 0,00 39,64 23,32 18,58 24,53 31,01 38,84 55,94 0,00 57,70 3,88 18,98 0,00 7,12 32,05 5,07 96,20 0,00
62-70 Uniwersytet Rzeszowski P 61-72 61-72 - 10,72 16,23 57,94 31,09 73,61 63,45 64,13 28,61 16,86 0,00 37,23 54,06 19,05 42,30 38,08 44,31 24,53 31,01 45,98 48,03 0,00 8,43 3,87 27,01 0,00 9,41 63,37 9,10 13,42 20,35
62-70 Uniwersytet WSB Merito w Poznaniu N 61-72 73-80 - 0,93 6,59 72,61 71,30 78,36 14,53 6,73 0,00 0,00 0,00 47,70 42,01 52,72 63,38 0,00 62,89 30,12 39,10 51,56 1,31 15,05 19,48 4,55 23,87 0,00 2,58 41,29 1,70 1,54 43,36
71-80 Akademia Pedagogiki Specjalnej im. M. Grzegorzewskiej w Warszawie P 73-82 73-80 - 1,63 5,62 60,52 76,67 65,70 48,34 10,31 35,53 0,00 0,00 43,70 43,46 3,96 43,77 23,88 14,08 22,36 23,15 46,43 56,32 0,00 6,69 2,04 15,85 0,00 4,97 3,73 8,35 11,20 0,00
71-80 AWF im. Jerzego Kukuczki w Katowicach P 48 43 - 3,18 8,17 49,03 58,68 * 42,22 3,59 63,83 36,63 0,00 5,94 98,20 0,00 61,58 51,02 77,77 21,74 26,97 33,93 25,08 0,00 3,05 0,00 18,98 0,00 5,26 33,33 9,28 15,19 0,00
71-80 Lubelska Akademia WSEI N 83-92 90+ - 0,37 2,02 85,89 73,37 46,68 27,79 3,14 15,79 5,74 0,00 44,03 8,58 0,00 66,97 12,12 29,81 18,01 32,81 40,63 8,93 2,15 73,82 37,22 18,59 0,00 14,29 60,00 5,93 3,90 29,20
71-80 Politechnika Morska w Szczecinie P 73-82 73-80 - 1,75 4,36 65,23 34,54 70,15 30,60 9,42 41,03 7,92 0,00 41,03 14,75 24,89 23,49 31,58 19,99 25,47 36,63 59,38 41,08 10,75 65,00 17,87 31,12 0,00 4,60 33,72 4,80 1,20 15,93
71-80 Uniwersytet DSW Ideis N 73-82 81-90 - 0,42 5,08 63,61 63,17 82,29 30,50 5,83 0,00 0,00 0,00 27,91 89,66 0,00 83,43 0,00 20,44 16,15 23,37 65,18 4,77 0,00 23,84 3,32 11,35 0,00 8,51 70,92 4,29 2,32 29,20
71-80 Uniwersytet Ignatianum w Krakowie P 73-82 81-90 - 4,30 5,92 53,00 44,25 76,44 53,66 11,21 86,67 0,00 0,00 23,33 54,27 32,57 31,08 19,35 9,94 19,57 17,30 39,51 45,07 8,60 6,03 0,00 18,20 0,00 8,73 54,15 14,94 16,52 0,00
71-80 Uniwersytet Jana Długosza w Częstochowie P 61-72 73-80 - 2,61 8,05 52,35 11,86 74,67 60,92 29,15 47,52 3,72 27,85 31,50 32,28 15,63 52,66 29,35 22,21 20,81 34,16 38,84 50,02 0,00 17,22 1,25 18,98 100,00 11,81 90,30 3,81 22,81 0,00
71-80 Uniwersytet Jana Kochanowskiego w Kielcach P 73-82 73-80 - 4,56 10,23 56,57 29,16 65,88 62,64 48,43 47,97 4,64 0,00 40,31 24,83 22,52 41,51 22,22 27,52 21,43 28,99 33,26 63,68 0,00 12,84 5,62 17,61 0,00 11,74 41,99 6,96 15,26 25,66
71-80 Uniwersytet Kazimierza Wielkiego w Bydgoszczy P 73-82 73-80 - 4,00 10,06 56,10 43,37 66,32 60,20 39,46 54,50 7,64 0,00 47,12 31,48 4,67 45,08 28,03 21,11 19,25 29,44 34,15 58,42 0,00 16,26 0,00 14,48 0,00 16,17 12,44 7,80 25,30 0,00
71-80 Uniwersytet Komisji Edukacji Narodowej w Krakowie P 83-92 81-90 - 4,09 3,42 56,72 47,98 69,20 56,37 47,53 80,24 2,09 0,00 35,51 46,92 0,00 41,56 24,97 10,23 21,12 25,84 42,19 33,71 6,45 13,84 0,04 21,33 0,00 15,09 60,38 10,95 13,50 15,93
81-93 Akademia Humanistyczno-Ekonomiczna w Łodzi N 83-92 - - 0,58 5,55 96,17 83,87 65,83 11,01 1,79 80,00 0,00 0,00 36,58 16,53 0,00 47,77 0,00 6,51 17,08 16,63 5,13 5,52 0,00 18,29 3,16 22,70 0,00 12,90 19,35 4,46 10,49 20,35
81-93 Akademia Jagiellońska w Toruniu N 92+ 90+ - 1,34 0,75 70,43 70,06 65,83 77,68 4,48 0,00 0,00 0,00 0,00 0,55 0,00 30,36 100,00 0,00 0,00 0,00 0,00 35,22 0,00 0,83 20,00 0,00 0,00 96,55 68,97 0,00 0,00 0,00
81-93 Akademia Kujawsko-Pomorska w Bydgoszczy N 92+ 90+ - 0,88 3,32 79,25 71,09 65,83 95,79 1,79 0,00 0,00 0,00 0,00 59,37 0,00 9,81 0,00 0,00 0,00 0,00 0,00 37,72 0,00 8,55 0,00 0,00 0,00 77,42 100,00 0,00 17,99 0,00
81-93 AWFiS im. Jędrzeja Śniadeckiego w Gdańsku P 61-72 61-72 - 2,27 6,44 51,02 61,52 * 33,73 3,59 71,43 0,00 0,00 10,82 45,18 0,00 47,81 71,88 100,00 27,02 30,79 36,38 18,09 0,00 16,79 9,67 14,09 0,00 11,76 16,47 10,21 10,15 25,66
81-93 AWF im. Eugeniusza Piaseckiego w Poznaniu P 61-72 61-72 - 2,33 4,84 48,79 50,76 * 52,72 3,59 61,54 0,00 0,00 11,22 22,25 29,35 50,51 9,14 43,53 23,29 28,31 38,62 31,97 0,00 8,87 0,00 20,16 0,00 1,98 51,49 37,02 17,39 0,00
81-93 AWF im. Polskich Olimpijczyków we Wrocławiu P 73-82 61-72 - 2,78 8,14 47,92 49,80 * 43,12 3,59 43,75 0,00 0,00 11,42 26,05 0,00 53,45 43,30 89,51 29,81 26,97 34,60 23,67 0,00 7,14 0,00 18,20 0,00 7,02 66,67 10,15 6,68 0,00
81-93 AWF Józefa Piłsudskiego w Warszawie P 61-72 61-72 - 2,54 7,50 51,14 63,94 * 35,43 3,59 62,00 0,00 0,00 11,14 93,27 0,00 25,42 22,43 50,60 31,37 34,83 32,81 22,48 0,00 7,43 0,00 22,90 0,00 0,00 100,00 18,35 41,26 0,00
81-93 Międzynarodowa Wyższa Szkoła Logistyki i Transportu we Wrocławiu N 83-92 90+ - 0,13 2,90 74,19 87,16 * 51,20 0,90 0,00 0,00 40,11 41,10 39,09 0,00 0,00 0,00 16,76 18,94 24,94 0,00 11,03 0,00 100,00 54,45 17,22 0,00 40,00 100,00 34,67 38,00 20,35
81-93 Uniwersytet Andrzeja Frycza Modrzewskiego w Krakowie N 83-92 81-90 - 1,74 3,19 64,57 52,34 61,37 39,87 12,11 0,00 0,00 0,00 8,32 7,84 0,00 67,05 25,50 33,86 19,88 21,80 22,77 19,80 4,30 40,25 6,31 15,85 0,00 9,60 41,60 4,87 10,95 25,66
81-93 Uniwersytet Bielsko-Bialski P 83-92 81-90 - 1,43 5,39 74,43 55,22 67,08 48,42 17,04 40,54 3,08 6,45 44,28 20,46 0,00 29,31 13,79 24,54 19,57 34,61 35,71 39,45 0,00 5,68 1,07 13,70 0,00 15,34 57,51 2,92 14,64 0,00
81-93 Uniwersytet Kaliski im. Prezydenta Stanisława Wojciechowskiego P 92+ 90+ - 1,47 1,43 80,65 42,14 65,83 51,20 6,73 23,19 10,84 0,00 0,00 63,21 0,00 48,57 38,10 0,00 0,00 0,00 0,00 31,67 0,00 10,41 0,00 0,00 0,00 7,25 50,72 0,61 22,34 0,00
81-93 Uniwersytet Radomski im. Kazimierza Pułaskiego P 83-92 81-90 - 0,48 6,64 66,36 53,60 65,83 56,10 17,49 0,00 5,49 6,90 29,78 26,78 0,00 20,56 14,52 22,02 18,63 30,56 31,03 34,64 0,00 37,67 0,00 16,44 0,00 10,56 100,00 5,84 11,20 0,00
81-93 Uniwersytet w Siedlcach P 83-92 81-90 - 2,95 5,09 62,92 33,70 61,60 72,28 19,73 28,03 3,23 19,49 40,03 33,76 0,00 29,90 11,73 23,40 18,63 24,72 27,23 61,89 0,00 13,79 0,00 17,22 0,00 9,63 91,98 7,17 23,57 0,00
90+ Akademia Górnośląska im. Wojciecha Korfantego w Katowicach N 92+ 90+ - 1,09 3,81 65,85 53,29 * 24,98 2,24 0,00 0,00 0,00 22,78 3,21 0,00 67,41 6,90 0,34 7,14 29,89 0,00 19,08 0,00 13,67 0,00 2,54 0,00 9,76 68,29 0,00 0,00 22,12
90+ Akademia im. Jakuba z Paradyża w Gorzowie Wielkopolskim P 92+ 90+ - 0,80 3,31 73,19 60,90 56,41 48,03 4,04 50,94 11,71 0,00 0,00 17,02 0,00 17,11 2,68 0,00 0,00 0,00 0,00 78,51 0,00 23,49 0,00 0,00 0,00 5,31 65,49 5,46 1,92 0,00
90+ Akademia Katolicka w Warszawie P 83-92 81-90 - 3,33 1,01 62,01 88,75 * 49,44 3,59 50,00 0,00 0,00 0,00 2,77 0,00 41,70 15,09 6,27 19,88 17,08 12,50 30,27 8,60 26,28 0,00 5,48 0,00 6,90 0,00 0,00 0,00 17,70
90+ Akademia Kultury Fizycznej im. Bronisława Czecha w Krakowie P 73-82 61-72 - 2,46 7,09 44,34 48,20 * 30,12 3,59 67,50 3,24 0,00 6,30 22,92 0,00 43,26 48,21 66,26 18,94 26,74 30,13 18,19 0,00 7,08 0,00 18,40 0,00 2,94 77,94 17,94 8,79 0,00
90+ Akademia Śląska w Katowicach N 92+ 90+ - 1,17 1,84 65,32 22,38 66,74 18,27 8,07 0,00 0,00 0,00 0,00 13,12 0,00 43,15 20,30 0,00 0,00 0,00 0,00 15,40 0,00 30,70 20,70 0,00 0,00 14,77 9,85 2,48 0,87 9,73
90+ Akademia Wymiaru Sprawiedliwości w Warszawie P - - - 0,33 2,13 64,44 11,90 82,29 12,41 3,14 100,00 0,00 0,00 0,00 55,73 0,00 27,42 12,90 0,00 0,00 0,00 0,00 51,71 0,00 2,90 0,00 0,00 0,00 0,00 8,08 0,00 0,00 0,00
90+ Uniwersytet WSB Merito w Toruniu N 92+ 90+ - 0,39 6,59 72,00 67,40 65,83 20,28 5,83 0,00 0,00 0,00 0,00 34,74 0,00 53,56 0,00 0,00 0,00 0,00 0,00 1,64 0,00 11,63 7,41 0,00 0,00 0,00 31,68 0,00 0,00 34,51
90+ Uniwersytet WSB Merito we Wrocławiu N 92+ 90+ - 1,35 6,59 71,04 63,93 77,61 13,65 7,62 0,00 0,00 0,00 0,00 3,12 0,00 50,20 0,00 0,00 0,00 0,00 0,00 2,56 0,00 42,35 19,73 0,00 0,00 7,62 26,67 4,66 5,21 35,40
