1 Uniwersytet Warszawski 1 1 1 100,0 84,46 95,29 63,52 77,80 77,58 86,44 86,10 100,0 1,86 13,35 78,47 88,47 100,0 37,02 39,26 50,30 34,43 41,99 72,82 63,68 100,0 29,03 31,16 62,13 100,0 30,48 56,43 51,83 42,75 73,53
2 Uniwersytet Jagielloński w Krakowie 2 1 2 98,82 100,0 100,0 61,31 67,16 71,68 80,02 97,76 89,22 3,17 58,06 100,0 72,11 58,29 50,14 55,37 55,62 40,66 47,24 66,92 75,16 64,46 43,59 22,68 58,63 100,0 21,00 29,12 42,46 32,85 94,12
3 Politechnika Warszawska 3 3 3 89,88 57,47 54,26 81,51 88,95 70,10 60,14 48,43 100,0 12,90 70,61 74,41 75,29 55,87 52,28 52,17 57,58 26,01 45,14 61,54 62,84 55,37 30,00 39,42 50,77 100,0 11,95 14,71 29,40 46,41 70,59
4 Akademia Górniczo-Hutnicza im. Stanisława Staszica w Krakowie 4 4 4 87,45 48,48 53,43 85,29 81,61 67,28 71,54 52,91 100,0 10,48 100,0 87,43 67,13 58,17 43,87 33,79 60,49 31,14 65,35 77,18 65,32 44,63 9,48 17,14 60,73 100,0 12,87 34,57 17,27 45,09 17,65
5 Politechnika Gdańska 5 6 6 85,32 36,77 47,13 77,31 81,85 84,86 69,67 43,50 100,0 18,35 10,16 81,34 78,07 49,34 47,46 47,39 74,76 35,53 36,48 83,85 49,57 36,36 24,40 33,60 66,34 100,0 16,42 91,18 34,93 54,69 23,53
6 Uniwersytet im. Adama Mickiewicza w Poznaniu 6 4 4 81,42 74,90 50,84 56,51 65,94 73,76 94,16 77,13 70,20 4,57 9,31 71,73 73,43 38,45 35,63 37,97 39,61 30,77 34,65 74,62 65,42 53,72 28,40 14,02 53,72 100,0 25,10 23,16 28,40 32,43 41,18
7 Politechnika Wrocławska 7 8 7 80,06 44,82 39,54 86,85 79,87 77,95 55,10 46,64 100,0 13,97 30,89 79,26 68,97 45,03 46,24 52,30 54,24 26,74 32,55 57,69 59,64 23,14 23,72 22,93 53,72 100,0 10,85 58,31 24,23 42,01 29,41
8 Politechnika Poznańska 8 12 23 78,21 23,62 32,44 79,95 79,40 76,73 60,95 32,29 82,35 24,83 92,56 72,31 55,49 52,91 47,56 57,32 61,95 27,84 36,48 53,85 49,58 25,62 20,83 28,20 46,56 100,0 10,12 100,0 26,77 34,79 26,47
9 Politechnika Łódzka 8 9 10 77,10 15,19 30,55 79,42 83,92 78,36 62,70 41,70 83,33 29,14 38,69 47,37 59,88 48,56 48,70 46,07 59,10 26,01 35,17 56,41 66,81 28,10 20,38 52,36 50,77 100,0 9,59 49,03 49,94 70,47 11,76
10 Politechnika Śląska 11 12 13 76,56 25,08 36,76 75,01 74,55 69,23 74,15 40,36 100,0 22,28 30,33 97,09 58,63 52,91 35,53 36,66 66,50 34,80 36,75 66,67 64,29 32,23 26,80 34,01 53,86 100,0 12,56 27,39 10,12 21,97 29,41
11 Uniwersytet Gdański 16 16 16 75,46 39,41 34,89 57,89 68,07 63,05 65,40 65,92 86,98 6,78 35,52 81,14 68,23 61,20 46,28 47,48 36,31 29,67 35,70 72,31 53,21 33,88 11,02 26,41 59,19 100,0 15,42 100,0 31,98 36,51 17,65
12= Gdański Uniwersytet Medyczny 12 9 7 74,94 21,10 29,77 73,44 76,08 59,07 68,93 10,76 51,25 3,18 32,67 42,86 56,17 27,62 72,75 68,29 65,88 55,31 42,52 54,87 83,91 22,31 46,72 43,03 53,02 100,0 2,98 40,85 19,37 23,42 38,24
12= Uniwersytet Medyczny w Łodzi 12 11 9 74,77 11,28 32,09 79,17 74,34 70,13 55,41 10,76 62,50 3,71 0,00 45,76 100,0 38,62 64,66 73,08 100,0 64,10 55,38 46,41 72,17 13,22 30,42 30,90 46,56 0,00 1,75 23,86 12,83 7,73 52,94
12= Uniwersytet Medyczny w Białymstoku 12 20 21 74,77 21,18 22,45 73,90 72,06 75,45 63,70 10,76 91,91 1,89 29,67 29,14 91,05 41,86 71,76 86,26 82,88 39,19 35,43 50,51 79,21 16,53 31,60 28,58 42,64 0,00 0,54 21,95 1,04 1,95 29,41
12= Szkoła Główna Handlowa w Warszawie 12 12 13 74,65 27,35 12,49 100,0 94,86 57,14 68,93 10,31 47,66 0,00 0,00 75,06 75,09 51,22 17,18 30,99 25,17 30,40 31,50 41,54 54,23 61,98 39,77 34,93 40,39 100,0 4,26 30,32 100,0 81,78 29,41
16 Warszawski Uniwersytet Medyczny 10 7 12 74,42 21,25 35,22 76,33 72,50 71,43 63,28 10,76 69,70 2,19 31,25 63,60 66,33 31,26 67,99 78,31 95,34 52,01 40,16 46,67 76,48 13,22 29,80 26,93 46,14 0,00 2,77 10,78 22,82 18,05 52,94
17= Uniwersytet Wrocławski 19 19 10 73,59 42,56 36,14 55,70 61,47 68,32 78,28 77,58 83,38 0,84 0,00 41,50 75,79 24,74 34,34 41,55 35,97 38,10 39,63 64,62 66,00 23,14 30,51 27,00 60,45 100,0 16,93 100,0 55,66 37,92 73,53
17= Akademia Leona Koźmińskiego w Warszawie 16 16 16 73,30 29,86 14,41 78,81 81,57 63,69 53,11 10,76 57,81 0,00 0,00 55,76 50,84 39,19 27,91 15,03 45,97 41,03 39,11 69,23 23,02 54,55 46,39 72,31 68,86 100,0 36,07 100,0 70,45 62,12 29,41
17= Uniwersytet Medyczny im. Piastów Śląskich we Wrocławiu 16 16 20 73,23 18,51 45,64 78,47 59,36 71,43 49,55 10,76 37,89 3,93 5,89 51,16 58,78 26,90 67,77 79,10 91,57 54,21 32,55 56,41 91,61 13,22 49,95 43,27 50,07 0,00 0,76 40,54 21,58 24,45 44,12
20 Uniwersytet Mikołaja Kopernika w Toruniu 23 20 13 71,25 31,91 43,42 59,88 62,67 68,01 80,43 100,0 58,81 2,85 6,97 62,22 62,47 37,74 41,44 48,75 46,36 30,40 32,55 55,64 69,96 47,93 25,01 13,36 54,98 100,0 13,60 35,49 20,92 28,35 32,35
21= Uniwersytet Medyczny w Lublinie 22 23 21 70,65 9,54 24,36 80,69 76,81 62,21 54,81 10,76 86,94 11,71 42,03 37,80 65,75 14,86 72,50 100,0 84,72 34,43 34,91 45,38 83,03 13,22 42,49 32,31 40,25 0,00 1,03 9,66 1,52 11,39 41,18
21= Politechnika Krakowska im. Tadeusza Kościuszki 29 25 32 70,48 17,65 24,64 69,53 66,12 76,24 48,43 28,70 100,0 20,81 73,31 63,84 61,80 35,41 38,12 58,67 57,55 30,04 39,90 54,62 52,58 19,01 17,70 1,77 49,23 100,0 8,63 29,41 24,32 65,05 8,82
23= Uniwersytet Medyczny im. Karola Marcinkowskiego w Poznaniu 21 16 16 69,52 17,12 28,39 75,29 77,44 61,19 75,16 10,76 50,79 0,17 0,00 49,35 55,52 27,38 68,56 80,22 82,02 46,15 37,01 46,15 93,34 16,53 34,58 31,16 45,16 0,00 3,11 10,11 11,60 10,32 35,29
23= Uniwersytet Łódzki 29 25 23 69,18 25,48 25,36 59,43 69,41 62,97 74,35 69,51 53,86 10,06 0,00 82,82 74,80 45,33 35,63 49,00 36,44 24,91 37,27 56,41 57,40 24,79 33,74 11,67 49,09 100,0 14,65 67,58 32,84 63,91 41,18
23= Akademia WSB w Dąbrowie Górniczej 24 29 32 69,10 2,07 6,51 70,07 76,37 76,91 60,85 8,97 16,36 0,00 0,00 64,85 66,80 16,14 68,22 62,90 64,97 45,42 49,08 34,10 9,89 27,27 93,67 90,81 85,55 0,00 28,42 96,17 28,70 23,51 61,76
23= Pomorski Uniwersytet Medyczny w Szczecinie 19 12 16 69,04 6,04 18,38 72,19 70,24 73,75 78,95 9,42 50,00 5,46 0,00 25,50 77,23 14,74 66,38 75,70 76,25 84,62 70,87 45,90 60,94 0,00 40,95 42,95 41,37 0,00 2,52 17,61 4,66 4,37 20,59
27= Uniwersytet Przyrodniczy we Wrocławiu 26 30 25 67,15 14,58 17,90 53,78 41,33 68,76 79,67 27,35 57,89 21,57 0,00 72,92 83,43 48,90 66,49 53,25 55,14 30,40 34,12 70,26 71,59 14,88 23,03 20,16 53,02 100,0 4,73 13,61 12,76 34,63 20,59
27= Uniwersytet Śląski w Katowicach 26 30 27 67,12 21,25 23,92 52,28 50,12 69,13 85,63 78,92 62,85 26,89 25,40 73,83 73,08 42,74 31,96 43,60 37,40 24,91 36,48 62,56 67,51 14,88 17,44 12,03 49,65 100,0 10,51 100,0 20,09 25,98 17,65
29= Polsko-Japońska Akademia Technik Komputerowych w Warszawie 37 45 45 66,52 4,04 7,71 95,94 72,28 62,94 17,56 7,17 41,18 0,00 0,00 20,59 50,12 71,90 66,64 93,74 76,24 26,37 30,45 37,44 8,18 4,96 100,0 86,97 53,44 100,0 22,45 73,47 6,46 0,73 29,41
29= Uniwersytet SWPS 24 25 30 66,37 22,85 13,35 66,14 61,45 86,20 48,89 18,39 58,33 0,00 0,00 31,68 72,90 76,39 60,16 52,73 55,38 36,63 36,48 70,00 17,69 0,00 27,28 17,54 66,76 100,0 13,68 28,20 18,10 8,22 23,53
29= Szkoła Główna Gospodarstwa Wiejskiego w Warszawie 29 30 28 66,33 19,26 32,54 63,31 69,98 59,96 76,87 39,46 59,88 5,40 0,00 96,58 68,45 42,44 36,77 32,99 45,77 34,43 35,96 55,13 57,36 16,53 28,49 20,57 47,69 100,0 6,31 46,72 21,01 35,88 44,12
29= Uniwersytet Opolski 26 24 30 66,12 10,55 20,26 54,59 51,92 64,86 60,93 43,50 46,46 0,00 0,00 41,65 82,87 29,54 26,30 18,50 40,35 100,0 100,0 45,38 49,55 10,74 39,44 33,25 48,39 100,0 15,45 82,56 14,01 16,91 23,53
33 Politechnika Lubelska 33 25 32 65,14 5,67 17,47 65,61 62,61 82,19 48,55 18,39 57,82 100,0 30,27 60,32 65,31 15,71 38,08 46,03 64,25 24,91 41,73 36,92 51,26 2,48 47,08 0,00 52,59 0,00 5,22 84,18 15,94 72,30 5,88
34 Śląski Uniwersytet Medyczny w Katowicach 35 36 37 64,09 6,32 23,31 78,05 71,79 57,14 52,65 10,76 85,40 4,58 4,60 51,53 56,14 21,71 59,21 77,32 81,74 53,85 41,21 36,41 75,30 18,18 20,29 17,60 40,67 0,00 0,57 13,47 3,94 9,33 26,47
35= Zachodniopomorski Uniwersytet Technologiczny w Szczecinie 39 36 39 62,95 7,93 17,33 70,62 62,93 64,44 83,95 39,46 37,37 22,10 18,64 67,88 51,23 33,04 39,04 40,34 48,84 31,87 34,38 47,69 83,67 5,79 24,46 0,68 40,53 100,0 2,87 47,06 17,09 73,73 5,88
35= Uniwersytet VIZJA 38 41 37 62,85 1,78 16,85 67,89 76,60 60,71 54,47 8,97 19,57 0,00 0,00 67,71 27,37 0,00 43,34 3,27 38,87 85,35 68,77 100,0 5,12 3,31 100,0 72,56 100,0 0,00 100,0 9,36 1,48 6,85 82,35
35= Wojskowa Akademia Techniczna im. Jarosława Dąbrowskiego w Warszawie 29 35 47 62,54 9,39 12,30 77,13 77,58 61,47 38,97 23,77 100,0 5,49 20,82 28,90 68,32 40,56 34,75 49,14 51,92 19,78 32,81 48,46 100,0 20,66 7,05 1,44 32,96 0,00 1,29 20,65 25,69 17,36 5,88
35= Uniwersytet Przyrodniczy w Poznaniu 34 30 28 62,48 13,20 28,49 61,78 57,20 70,06 100,0 30,94 29,95 12,14 0,00 81,14 61,33 27,32 63,31 39,49 57,56 31,87 34,91 56,41 86,12 2,48 20,15 18,02 43,48 0,00 3,80 7,60 5,30 17,81 32,35
39= Uczelnia Łazarskiego w Warszawie 41 35 40 60,97 5,16 6,08 76,44 75,18 73,92 39,30 7,62 0,00 0,00 0,00 17,48 59,68 23,82 100,0 26,06 51,72 41,03 30,71 38,46 20,98 3,31 100,0 63,20 35,90 0,00 23,53 100,0 17,59 29,47 23,53
39= Politechnika Opolska 41 48 61-70 60,93 3,32 18,77 68,95 62,83 63,13 61,74 19,73 100,0 9,08 27,76 51,98 50,33 0,00 34,70 31,54 56,80 37,36 37,01 71,28 53,65 2,48 31,03 3,68 67,46 100,0 13,44 100,0 14,95 46,55 8,82
39= Uniwersytet Ekonomiczny w Poznaniu 35 34 26 60,48 15,81 10,84 70,32 79,16 57,14 82,19 7,17 34,90 0,00 0,00 66,82 81,33 18,11 20,51 31,95 29,06 30,04 35,70 60,26 40,05 42,98 33,68 12,23 42,64 0,00 4,23 64,27 16,69 36,91 14,71
42 Społeczna Akademia Nauk w Łodzi 43 42 42 60,35 0,75 7,80 63,10 67,10 63,55 21,04 3,14 0,00 0,00 0,00 46,86 45,89 41,57 29,62 0,00 62,16 59,71 56,96 99,23 10,07 3,31 62,93 100,0 98,46 0,00 33,77 100,0 13,20 5,71 20,59
43= Uniwersytet Ekonomiczny we Wrocławiu 48 54-61 45 59,45 9,09 10,66 74,22 74,59 57,14 67,89 9,42 32,56 0,48 0,00 60,92 73,57 44,67 15,62 22,39 28,12 28,94 40,94 50,00 37,62 38,84 16,28 34,16 38,71 0,00 2,34 100,0 28,37 61,68 8,82
43= Uniwersytet Ekonomiczny w Krakowie 46 48 47 58,96 11,06 11,93 71,11 74,93 58,57 52,06 12,56 44,44 1,41 0,00 68,60 57,67 23,35 32,25 45,79 18,80 35,90 44,09 50,77 28,27 45,45 26,17 31,01 37,31 0,00 2,60 100,0 28,02 27,10 20,59
45= Uniwersytet Warmińsko-Mazurski w Olsztynie 50 41 32 58,94 18,43 27,78 58,63 42,16 62,21 78,77 69,96 32,01 4,95 0,00 87,19 61,38 24,09 32,71 33,10 43,33 39,93 35,43 51,79 63,45 29,75 10,65 7,21 39,83 100,0 5,16 1,03 11,12 13,56 23,53
45= Uniwersytet Marii Curie-Skłodowskiej w Lublinie 48 45 40 58,69 21,03 19,28 50,91 44,56 64,89 87,61 68,16 39,06 5,89 0,00 64,12 67,16 30,67 37,73 41,76 31,99 24,18 34,12 56,15 59,62 22,31 41,62 8,80 44,88 0,00 8,42 23,84 15,03 13,84 41,18
45= Akademia Finansów i Biznesu Vistula 50 42 52-60 58,47 2,03 6,18 68,48 87,01 62,29 40,20 7,62 14,81 5,05 0,00 52,01 48,35 0,00 39,42 8,05 31,84 37,73 31,76 65,13 6,24 13,22 100,0 100,0 54,84 0,00 32,35 100,0 14,88 10,05 100,0
48 Akademia Wychowania Fizycznego im. Jerzego Kukuczki w Katowicach 43 48 52-60 57,68 2,87 8,89 47,60 61,64 100,0 42,87 3,59 68,09 32,12 0,00 6,75 86,00 0,00 72,30 40,86 86,07 23,44 30,97 40,51 44,28 0,00 3,47 25,24 60,31 0,00 1,80 14,41 23,16 21,05 2,94
49 Politechnika Białostocka 46 48 52-60 56,79 6,55 13,54 64,20 58,75 61,24 60,11 26,46 81,60 8,04 0,00 61,77 50,90 10,78 29,27 34,53 52,07 24,54 32,28 42,31 48,78 17,36 16,71 3,54 41,80 100,0 5,10 77,96 40,80 100,0 11,76
50= Politechnika Częstochowska 50 42 32 55,61 3,95 14,02 66,77 49,13 55,79 69,43 22,87 43,84 11,95 8,51 63,15 55,40 25,06 24,31 28,30 58,78 24,54 32,55 30,51 81,24 9,92 51,21 7,41 51,75 0,00 5,41 46,62 6,80 69,07 14,71
50= Katolicki Uniwersytet Lubelski Jana Pawła II 39 48 47 55,52 18,24 13,74 50,06 29,69 75,77 84,75 42,60 46,65 3,22 0,00 33,76 82,80 0,00 28,99 45,11 28,58 29,67 38,06 44,10 72,97 6,61 32,43 3,88 27,07 0,00 11,22 100,0 29,62 29,06 11,76
50= Uniwersytet Rolniczy im. Hugona Kołłątaja w Krakowie 55-60 47 47 55,43 10,83 17,69 55,37 29,82 66,83 96,15 32,29 39,58 10,73 8,55 75,46 44,40 20,64 41,31 37,62 48,40 31,14 35,17 69,23 78,91 0,00 8,66 1,42 46,84 0,00 5,16 47,06 21,78 45,69 5,88
50= Uniwersytet Zielonogórski 50 48 47 55,17 13,12 20,15 66,42 60,10 63,22 62,52 58,30 14,95 5,33 0,00 53,69 57,98 37,39 29,76 19,56 42,82 39,93 32,55 50,51 65,25 0,00 10,98 1,73 61,85 0,00 10,99 46,15 10,91 21,29 5,88
50= Uniwersytet Kardynała Stefana Wyszyńskiego w Warszawie 43 41 42 55,12 15,13 9,43 57,77 61,45 67,06 82,24 47,09 61,03 0,53 0,00 36,37 88,37 0,00 48,60 35,93 30,24 38,46 39,63 43,33 48,09 0,00 9,01 0,47 45,58 0,00 8,40 61,62 21,72 9,98 5,88
55-60 Akademia Pożarnicza w Warszawie 61-72 62-70 91+ - 1,33 7,07 85,31 100,0 83,91 31,97 4,48 0,00 2,76 0,00 51,80 70,53 59,74 32,64 39,35 31,86 20,88 28,61 36,15 37,99 0,00 0,65 0,00 27,07 0,00 3,01 0,00 0,00 1,07 0,00
55-60 Politechnika Bydgoska im. Jana i Jędrzeja Śniadeckich 55-60 54-61 61-70 - 3,70 10,40 69,04 63,74 61,76 51,35 25,11 20,00 25,31 43,87 63,29 51,52 38,11 36,56 30,79 46,05 27,11 32,02 45,13 53,97 3,31 4,81 0,00 47,55 0,00 5,80 46,38 6,79 46,29 5,88
55-60 Uniwersytet Civitas w Warszawie 55-60 54-61 52-60 - 3,16 5,79 66,86 80,88 57,14 35,88 3,14 0,00 0,00 0,00 50,71 34,44 35,63 44,67 6,43 34,81 30,04 28,08 68,97 17,40 0,00 100,0 50,60 43,62 0,00 45,57 35,44 31,02 87,90 17,65
55-60 Uniwersytet Ekonomiczny w Katowicach 61-72 62-70 52-60 - 6,19 10,02 64,85 74,08 57,14 60,83 7,17 51,49 0,00 0,00 56,66 47,16 29,91 20,79 24,37 21,08 44,69 40,94 41,79 31,99 24,79 10,16 26,64 34,64 100,0 0,90 100,0 32,93 22,11 2,94
55-60 Uniwersytet Szczeciński 61-72 62-70 52-60 - 7,28 14,28 52,50 60,02 64,05 72,94 56,50 42,53 0,79 0,00 70,49 48,92 44,05 30,41 43,78 31,13 29,30 30,71 44,62 56,68 4,96 24,06 21,79 38,99 0,00 11,59 58,80 16,86 44,83 11,76
55-60 Uniwersytet w Białymstoku 50 54-61 42 - 7,03 19,47 50,46 43,70 65,47 76,66 37,22 70,33 4,65 18,94 37,91 50,33 23,02 35,94 33,68 28,62 38,83 50,92 57,95 60,34 8,26 26,20 0,00 42,78 0,00 8,88 100,0 15,76 20,34 8,82
61-72 Akademia Humanitas w Sosnowcu 81-90 83-90 80+ - 1,39 3,76 72,48 84,97 52,91 34,77 3,14 0,00 0,00 0,00 50,61 23,86 0,00 70,35 17,58 12,96 27,84 40,16 42,82 16,42 0,00 72,81 75,26 52,17 0,00 76,77 32,32 0,54 0,00 5,88
61-72 AWFiS im. Jędrzeja Śniadeckiego w Gdańsku 61-72 71-82 61-70 - 2,09 7,96 47,44 64,66 71,43 33,53 3,59 96,15 0,00 0,00 11,79 48,44 0,00 43,61 75,29 94,74 24,18 33,07 37,18 28,92 0,00 18,12 14,09 84,29 0,00 10,19 20,38 12,85 15,58 5,88
61-72 AWF im. Eugeniusza Piaseckiego w Poznaniu 61-72 62-70 71-80 - 2,59 6,02 46,52 56,58 100,0 52,38 3,59 61,54 0,00 0,00 12,22 39,53 39,25 46,49 4,53 50,70 27,11 32,28 43,33 41,56 0,00 6,36 0,00 54,56 0,00 1,99 63,68 42,51 24,19 2,94
61-72 AWF Józefa Piłsudskiego w Warszawie 61-72 71-82 71-80 - 2,24 8,30 47,19 67,78 71,43 32,79 3,59 67,39 0,00 0,00 12,10 82,36 0,00 40,59 44,68 58,46 33,33 37,27 26,67 34,79 0,00 9,81 12,75 39,69 0,00 0,00 100,0 20,10 58,93 5,88
61-72 Politechnika Koszalińska 55-60 54-61 61-70 - 2,95 7,95 65,22 58,53 60,49 52,29 12,11 76,92 34,73 0,00 50,84 64,90 12,53 16,31 11,29 40,69 24,91 32,81 35,38 65,19 3,31 21,44 0,90 54,84 100,0 10,60 35,76 1,36 25,44 5,88
61-72 Politechnika Rzeszowska im. Ignacego Łukasiewicza 61-72 54-61 52-60 - 8,06 16,52 66,12 48,99 59,02 54,58 30,49 44,70 35,32 21,84 61,15 60,71 19,15 43,48 31,27 38,54 27,84 35,43 36,92 42,13 5,79 5,68 0,61 39,55 0,00 6,46 93,91 12,94 20,92 5,88
61-72 Politechnika Świętokrzyska w Kielcach 61-72 62-70 52-60 - 2,17 8,55 65,12 43,66 64,97 46,13 14,35 94,44 22,29 0,00 49,98 61,27 0,00 43,31 51,24 54,28 17,95 26,25 19,23 54,90 3,31 32,61 14,56 33,94 0,00 6,08 76,96 5,78 24,36 14,71
61-72 Uniwersytet Jana Długosza w Częstochowie 73-80 71-82 61-70 - 1,99 8,91 47,71 17,94 64,79 63,96 25,11 40,69 7,54 27,68 39,17 53,80 19,41 48,10 26,99 24,83 24,54 39,90 42,31 46,65 0,00 19,43 1,18 61,43 100,0 10,46 100,0 5,17 38,14 2,94
61-72 Uniwersytet Morski w Gdyni 55-60 54-61 61-70 - 3,37 10,12 69,76 50,08 54,36 43,30 11,66 39,71 3,50 0,00 51,36 95,90 19,49 26,06 21,06 36,49 23,44 28,35 50,00 45,60 3,31 15,70 0,00 24,82 0,00 3,77 21,38 16,15 16,76 5,88
61-72 Uniwersytet Przyrodniczy w Lublinie 55-60 62-70 52-60 - 10,85 16,14 48,09 15,51 65,02 94,98 22,42 28,38 15,24 0,00 69,98 56,84 6,08 53,05 39,03 54,64 27,11 32,55 51,03 73,37 9,92 15,65 3,93 38,57 0,00 0,63 100,0 5,08 28,24 8,82
61-72 Uniwersytet Rzeszowski 61-72 62-70 61-70 - 7,86 17,50 54,39 32,31 64,15 64,21 61,43 27,88 10,33 0,00 25,37 70,21 13,07 43,57 38,69 51,20 27,47 34,38 48,46 51,42 0,00 9,01 3,68 43,20 0,00 6,81 55,80 7,55 15,82 11,76
61-72 Uniwersytet WSB Merito w Poznaniu 73-80 71-82 71-80 - 1,17 6,50 70,00 75,06 68,93 15,00 5,38 0,00 0,00 0,00 51,14 48,35 18,69 65,17 0,00 39,74 41,03 48,29 56,15 6,18 11,57 21,43 6,04 36,19 0,00 1,35 60,61 2,33 2,01 41,18
73-82 Akademia Kultury Fizycznej im. Bronisława Czecha w Krakowie 61-72 62-70 80+ - 2,47 8,08 41,79 49,49 71,43 31,43 3,59 72,09 1,57 0,00 22,60 38,19 0,00 38,40 86,09 86,55 20,51 29,13 32,82 41,51 0,00 5,76 0,00 37,59 0,00 1,44 64,98 17,14 12,85 2,94
73-82 Akademia Pedagogiki Specjalnej im. Marii Grzegorzewskiej w Warszawie 73-80 83-90 61-70 - 1,76 6,17 55,04 77,04 56,89 49,84 8,97 27,50 0,00 0,00 52,88 62,29 0,00 42,11 39,70 14,01 30,40 29,13 51,28 50,45 1,65 6,12 0,00 42,64 0,00 4,92 8,62 10,05 10,83 5,88
73-82 AWF im. Polskich Olimpijczyków we Wrocławiu 61-72 62-70 71-80 - 2,69 8,71 45,36 51,71 71,43 41,71 3,59 41,67 0,00 0,00 7,71 42,25 0,00 48,61 47,33 91,65 25,64 29,40 33,08 46,57 0,00 10,52 0,00 49,79 0,00 1,72 82,40 12,81 5,69 2,94
73-82 Politechnika Morska w Szczecinie 73-80 71-82 71-80 - 1,74 7,48 62,69 30,46 61,43 29,27 6,73 36,11 4,95 0,00 44,90 37,58 31,08 25,71 44,89 23,78 27,11 39,37 47,69 35,01 8,26 74,72 18,06 29,87 0,00 3,21 43,37 8,03 2,05 8,82
73-82 Uniwersytet Dolnośląski DSW we Wrocławiu 81-90 71-82 71-80 - 2,11 5,78 58,54 67,64 71,43 30,53 5,83 0,00 0,00 0,00 25,52 76,57 0,00 79,31 0,00 19,13 19,78 26,25 68,97 8,49 0,00 24,92 4,57 52,88 0,00 9,52 76,19 6,54 5,34 8,82
73-82 Uniwersytet Ignatianum w Krakowie 81-90 83-90 80+ - 3,93 6,27 49,26 47,92 66,44 52,46 11,21 84,21 0,00 0,00 30,66 66,53 22,51 36,07 33,57 12,32 20,88 20,47 44,87 41,53 6,61 5,99 0,00 18,79 0,00 10,91 72,73 12,31 16,03 2,94
73-82 Uniwersytet Jana Kochanowskiego w Kielcach 73-80 71-82 71-80 - 3,53 11,40 52,96 36,32 56,98 65,47 45,74 42,22 5,65 0,00 34,19 45,89 26,71 40,24 27,16 32,66 23,44 31,23 37,95 55,98 3,31 12,84 6,09 42,36 0,00 9,10 42,16 4,32 17,88 11,76
73-82 Uniwersytet Kazimierza Wielkiego w Bydgoszczy 73-80 71-82 61-70 - 3,83 10,31 52,86 52,06 57,54 62,45 36,77 46,84 3,66 0,00 55,46 50,93 6,31 39,19 27,90 25,38 19,78 33,60 36,92 52,50 0,00 18,54 0,00 43,90 0,00 12,99 27,27 7,21 30,80 5,88
73-82 Uniwersytet Papieski Jana Pawła II w Krakowie 73-80 71-82 71-80 - 4,61 5,28 51,64 64,08 64,52 87,12 17,04 47,22 4,08 0,00 5,28 63,34 0,00 57,11 44,27 7,81 16,12 21,78 29,74 62,63 6,61 16,80 3,55 16,41 0,00 1,59 7,97 12,15 18,22 5,88
73-82 Uniwersytet Pomorski w Słupsku 73-80 71-82 71-80 - 1,33 5,13 64,52 63,91 55,81 42,21 13,00 42,03 0,00 0,00 57,50 44,60 0,00 31,47 19,92 19,05 24,54 32,28 37,95 46,92 0,00 86,48 0,45 46,70 0,00 8,46 22,96 6,46 84,18 8,82
83-92 Akademia Humanistyczno-Ekonomiczna w Łodzi - - 91+ - 1,41 1,00 90,88 87,94 57,14 11,72 1,79 72,73 0,00 0,00 10,25 14,38 0,00 47,96 0,00 6,97 21,61 19,69 5,38 12,94 0,00 18,17 4,40 31,14 0,00 10,53 56,84 6,47 10,40 11,76
83-92 Akademia Katolicka w Warszawie 81-90 71-82 80+ - 2,62 1,44 56,90 90,50 57,14 47,86 3,59 46,15 0,00 0,00 5,01 24,60 0,00 29,62 0,00 5,91 8,06 22,83 15,13 49,12 6,61 35,08 0,00 24,82 0,00 0,00 21,82 0,00 0,00 5,88
83-92 Chrześcijańska Akademia Teologiczna w Warszawie - 83-90 80+ - 0,65 3,61 57,25 79,06 63,84 99,08 5,83 60,87 0,00 0,00 0,00 7,30 0,00 5,59 8,85 0,00 0,00 0,00 0,00 85,17 0,00 49,61 0,00 19,21 0,00 0,00 68,09 10,86 10,18 2,94
83-92 Lubelska Akademia WSEI 90+ - - - 1,15 2,41 85,56 76,38 41,36 31,64 1,79 15,00 12,77 0,00 42,80 20,80 0,00 50,35 0,00 32,70 19,78 33,60 17,44 8,74 0,00 75,32 42,44 45,86 0,00 15,63 81,25 4,65 7,40 17,65
83-92 Międzynarodowa Wyższa Szkoła Logistyki i Transportu we Wrocławiu 90+ 90+ - - 0,33 3,15 72,81 93,12 57,14 46,02 0,90 0,00 0,00 0,00 40,20 44,08 0,00 15,74 0,00 14,93 16,48 19,95 0,00 10,15 0,00 100,0 47,31 30,01 0,00 36,36 100,0 10,00 6,70 14,71
83-92 Uniwersytet Andrzeja Frycza Modrzewskiego w Krakowie 81-90 83-90 80+ - 2,63 3,38 62,39 60,20 53,53 39,67 12,11 0,00 0,00 0,00 13,92 23,57 0,00 79,26 17,71 33,67 23,81 24,15 23,08 28,26 6,61 59,53 10,80 37,73 0,00 7,12 46,82 6,74 9,96 5,88
83-92 Uniwersytet Bielsko-Bialski 81-90 83-90 80+ - 0,78 7,56 69,82 66,91 58,22 50,96 14,35 34,67 0,00 0,00 54,02 40,20 0,00 30,77 7,08 30,30 22,71 37,27 32,56 38,89 0,00 7,09 0,00 52,17 0,00 14,77 22,82 7,36 11,65 2,94
83-92 Uniwersytet Komisji Edukacji Narodowej w Krakowie 81-90 71-82 61-70 - 2,74 4,44 53,45 51,30 60,03 56,47 44,84 64,54 3,17 0,00 35,53 58,97 6,95 38,68 24,38 16,12 25,64 29,66 45,38 29,21 6,61 11,20 0,00 46,98 0,00 13,33 61,33 12,21 12,69 8,82
83-92 Uniwersytet Radomski im. Kazimierza Pułaskiego 81-90 83-90 80+ - 0,38 7,61 61,10 49,69 57,14 59,03 17,49 0,00 4,95 0,00 33,41 44,47 0,00 26,58 12,70 28,87 21,61 33,07 28,72 38,97 0,00 38,40 0,00 56,38 0,00 8,14 100,0 4,14 12,40 5,88
83-92 Uniwersytet w Siedlcach 81-90 83-90 71-80 - 3,17 5,59 57,36 37,36 53,63 72,78 22,42 29,32 4,07 29,88 39,31 52,92 5,61 23,63 11,60 27,49 19,05 27,82 24,36 57,04 0,00 18,35 0,00 35,62 0,00 9,73 100,0 7,53 23,80 8,82
92+ Akademia Górnośląska im. Wojciecha Korfantego w Katowicach 90+ 90+ - - 1,60 3,90 63,54 53,14 57,14 30,61 2,24 0,00 0,00 0,00 25,06 14,06 0,00 42,64 19,28 0,61 5,13 22,83 0,00 18,19 0,00 19,86 15,03 84,15 0,00 9,30 100,0 11,68 13,51 8,82
92+ Akademia im. Jakuba z Paradyża w Gorzowie Wielkopolskim 90+ 90+ 91+ - 0,83 4,45 66,85 55,77 49,36 50,38 2,69 44,44 25,15 0,00 0,00 36,65 0,00 11,21 0,00 0,00 0,00 0,00 0,00 64,09 0,00 27,68 0,00 0,00 0,00 5,53 86,64 0,00 10,82 2,94
92+ Akademia Jagiellońska w Toruniu 90+ 90+ - - 1,79 1,15 65,83 62,09 57,14 73,63 4,48 0,00 0,00 0,00 0,00 0,00 0,00 11,80 62,25 0,00 0,00 0,00 0,00 40,91 0,00 100,0 0,00 0,00 0,00 96,97 100,0 0,00 7,55 2,94
92+ Akademia Kujawsko-Pomorska w Bydgoszczy 90+ 90+ - - 2,19 4,06 68,95 71,96 57,14 96,42 1,79 0,00 0,00 0,00 0,00 52,11 0,00 9,68 0,00 0,00 0,00 0,00 0,00 35,04 0,00 8,44 0,00 0,00 0,00 88,89 100,0 17,74 30,87 2,94
92+ Akademia Śląska w Katowicach 90+ 90+ - - 1,60 2,22 61,52 35,08 58,36 16,87 6,73 0,00 0,00 0,00 0,00 28,85 0,00 37,57 14,60 0,00 0,00 0,00 0,00 43,63 0,00 25,89 12,14 0,00 0,00 8,00 6,67 3,64 0,00 8,82
92+ Uniwersytet Kaliski im. Prezydenta Stanisława Wojciechowskiego 90+ 90+ 91+ - 0,91 1,84 73,91 29,85 57,14 51,81 6,73 16,92 21,98 0,00 0,00 66,95 0,00 47,11 25,63 0,00 0,00 0,00 0,00 40,23 0,00 13,37 0,00 0,00 0,00 3,15 55,12 2,70 36,71 2,94
92+ Uniwersytet WSB Merito w Gdańsku 90+ 90+ 91+ - 0,71 6,50 63,53 64,32 66,86 29,07 6,73 0,00 0,00 0,00 0,00 47,38 0,00 51,06 0,00 0,00 0,00 0,00 0,00 7,45 11,57 21,67 9,68 0,00 0,00 22,56 45,13 8,17 1,92 26,47
92+ Uniwersytet WSB Merito w Toruniu 90+ 90+ - - 0,84 6,50 68,07 69,70 57,14 16,36 5,83 0,00 0,00 0,00 0,00 43,72 0,00 35,46 0,00 0,00 0,00 0,00 0,00 6,25 0,00 13,41 7,61 0,00 0,00 0,00 20,20 0,36 0,00 20,59
92+ Uniwersytet WSB Merito we Wrocławiu 90+ 90+ 91+ - 1,59 6,50 67,84 66,37 69,14 18,88 6,28 0,00 0,00 0,00 0,00 15,59 0,00 39,01 2,81 0,00 0,00 0,00 0,00 6,60 0,00 37,74 10,59 0,00 0,00 14,51 64,25 6,81 5,67 8,82
