1 Uniwersytet Warszawski 2 2 1 100,0 87,86 92,12 75,04 89,53 78,42 96,00 88,89 4,89 33,53 100,00 55,01 34,69 51,19 48,65 60,51 58,29 49,00 100,00 59,24 100,00 72,22 9,43 21,26 73,88 58,99 49,26 33,51 94,69 100,00
2 Uniwersytet Jagielloński w Krakowie 1 1 2 99,4 100,00 100,00 69,89 100,00 69,84 100,00 100,00 3,88 49,29 73,98 32,80 34,66 52,76 52,24 68,03 58,29 51,00 89,46 66,61 74,02 77,78 11,13 28,95 67,44 35,01 40,67 40,73 100,00 100,00
3 Politechnika Warszawska 3 3 3 84,0 57,63 51,56 86,54 76,50 50,73 52,00 48,15 13,77 17,16 64,68 55,72 35,29 58,54 68,86 37,07 35,18 50,43 76,87 52,49 51,18 88,89 16,23 23,53 54,21 15,72 23,42 25,72 91,15 100,00
4= Uniwersytet im. Adama Mickiewicza w Poznaniu 4 5 5 80,9 51,79 44,95 65,53 86,59 84,59 88,00 85,19 7,14 3,23 85,30 33,72 41,90 60,09 37,99 46,43 42,71 38,11 90,48 58,45 59,84 66,67 4,94 20,01 63,31 45,08 24,56 27,15 65,49 100,00
4= Akademia Górniczo-Hutnicza im. Stanisława Staszica w Krakowie 5 4 4 80,5 47,50 48,71 78,72 89,00 63,25 52,00 59,26 11,92 26,44 78,50 45,60 36,95 58,15 67,08 39,07 39,20 52,44 85,03 62,49 47,24 38,89 1,57 5,45 56,03 17,09 14,01 33,08 41,59 100,00
6 Politechnika Gdańska 6 8 7 78,4 26,02 36,00 78,42 88,78 57,48 44,00 48,15 20,89 100,00 67,34 49,53 37,98 51,91 75,43 39,71 38,69 32,66 81,29 49,59 31,50 52,78 5,26 15,14 55,04 16,27 20,02 39,43 53,10 100,00
7= Gdański Uniwersytet Medyczny 8 6 8 72,8 14,55 14,45 73,45 99,17 60,83 12,00 11,11 2,60 20,27 16,78 33,43 58,65 90,34 67,33 71,34 59,80 38,68 66,67 77,91 11,02 8,33 41,61 53,59 57,85 0,00 21,43 19,21 67,26 0,00
7= Politechnika Wrocławska 6 6 6 72,6 40,34 36,42 78,99 84,35 45,01 44,00 44,44 22,87 8,24 67,72 42,73 36,86 50,46 62,67 29,02 30,65 32,95 63,61 46,42 29,92 72,22 4,99 14,35 49,42 16,21 15,47 25,15 59,29 100,00
9 Uniwersytet Medyczny w Łodzi 11 14 25 71,8 6,97 10,69 75,87 93,50 46,89 12,00 11,11 1,90 29,60 17,90 100,00 27,54 36,01 87,64 85,55 73,37 53,58 56,12 64,53 9,45 8,33 23,56 31,67 49,26 3,63 13,57 7,17 68,14 0,00
10= Uniwersytet Wrocławski 13 10 8 70,9 37,78 33,82 63,19 77,35 70,15 68,00 81,48 2,20 8,82 45,36 32,92 35,12 51,24 35,77 38,03 39,20 33,81 82,65 57,54 22,05 66,67 9,35 20,11 69,26 32,51 52,18 46,92 92,04 100,00
10= Politechnika Łódzka 8 8 8 70,4 12,50 27,08 77,24 82,17 53,27 40,00 48,15 19,07 25,55 50,16 42,54 27,13 39,49 69,87 38,37 33,67 37,82 65,65 59,86 21,26 100,00 2,43 8,74 48,60 19,23 68,63 65,76 34,51 100,00
12 Warszawski Uniwersytet Medyczny 10 12 15 70,3 14,18 33,69 88,56 74,80 51,38 12,00 11,11 2,83 32,42 26,21 45,17 46,20 82,77 97,21 55,86 51,76 34,67 57,14 71,45 15,75 5,56 17,01 26,44 49,09 3,85 32,57 21,68 71,68 0,00
13= Uniwersytet Mikołaja Kopernika w Toruniu 17 15 15 68,9 19,69 35,16 65,41 84,00 71,13 96,00 96,30 2,70 2,41 71,93 29,25 33,26 58,11 40,48 44,77 41,21 33,52 62,24 63,76 50,39 22,22 7,27 15,68 60,66 21,48 14,63 30,78 53,10 100,00
13= Politechnika Śląska 13 15 11 68,6 24,67 29,39 71,42 82,57 65,75 40,00 40,74 24,99 28,23 75,69 34,58 32,36 46,48 58,61 27,70 33,67 32,95 56,80 59,00 26,77 66,67 7,78 9,52 36,20 15,25 9,78 16,64 56,64 100,00
13= Szkoła Główna Handlowa w Warszawie 11 15 15 68,5 22,12 3,66 100,00 93,50 64,14 8,00 11,11 0,00 0,00 63,23 29,36 32,96 39,07 20,04 21,35 45,73 26,93 38,10 51,81 44,88 41,67 11,87 31,58 41,65 5,81 88,80 65,76 66,37 0,00
16= Uniwersytet Gdański 23 28 27 67,6 21,89 29,69 65,71 77,27 59,63 60,00 74,07 8,59 71,47 79,88 33,70 30,35 63,97 31,00 37,95 37,69 33,81 82,31 46,29 28,35 27,78 3,63 6,29 64,46 30,91 16,93 19,67 44,25 100,00
16= Pomorski Uniwersytet Medyczny w Szczecinie 13 10 18 67,4 2,77 5,23 74,18 89,25 72,25 8,00 7,41 2,89 0,00 17,36 41,42 32,73 69,64 73,25 99,02 89,95 71,35 56,12 61,18 3,15 8,33 31,40 39,97 47,93 1,96 11,30 8,49 46,90 0,00
16= Uniwersytet Medyczny im. Karola Marcinkowskiego w Poznaniu 17 21 12 67,3 10,90 13,66 76,22 85,00 66,76 12,00 11,11 0,77 0,00 23,65 34,37 49,50 100,00 76,90 53,24 44,22 32,09 54,42 84,20 14,17 8,33 32,90 40,37 48,43 1,73 11,31 12,18 54,87 0,00
16= Akademia Leona Koźmińskiego w Warszawie 13 15 18 67,1 30,70 8,40 72,41 85,00 57,74 12,00 14,81 0,00 0,00 41,83 13,98 33,86 38,94 32,85 28,39 44,22 34,96 78,23 23,76 53,54 58,33 21,66 44,40 67,27 69,83 96,21 100,00 68,14 0,00
20 Uniwersytet Medyczny im. Piastów Śląskich we Wrocławiu 17 12 13 65,6 9,11 19,04 72,46 74,80 42,48 12,00 11,11 3,80 0,00 19,18 36,76 32,86 69,04 68,97 77,84 75,38 40,69 58,84 93,86 11,02 5,56 31,02 47,04 52,89 2,23 29,56 15,63 53,10 0,00
21= Uniwersytet Medyczny w Białymstoku 21 23 23 64,8 6,96 15,34 69,95 85,00 51,26 12,00 11,11 0,59 14,29 12,75 82,69 34,07 53,06 78,18 56,51 47,24 34,96 55,78 74,32 12,60 2,78 19,56 25,98 44,79 17,06 8,71 6,91 41,59 0,00
21= Uniwersytet Medyczny w Lublinie 21 15 23 64,6 5,42 8,67 72,75 82,88 45,37 12,00 11,11 7,90 3,27 12,93 33,07 41,24 79,88 70,46 48,31 45,23 36,96 45,58 86,02 18,90 30,56 44,65 53,61 40,99 2,14 8,08 5,73 61,06 0,00
23= Politechnika Poznańska 17 14 20 64,0 14,43 30,30 79,31 74,80 50,77 28,00 33,33 22,39 16,65 55,74 30,44 31,07 50,98 60,59 32,36 36,68 36,96 60,54 44,73 22,05 52,78 8,37 12,62 39,50 12,60 23,31 18,96 49,56 100,00
23= Uniwersytet Łódzki 23 15 20 63,7 14,36 26,64 63,78 76,50 66,63 68,00 74,07 11,22 8,99 79,68 37,36 29,12 46,39 30,62 35,26 34,67 39,83 68,71 54,07 18,11 27,78 7,51 25,25 50,74 26,65 13,85 58,28 61,95 100,00
25 Uniwersytet Przyrodniczy we Wrocławiu 23 25 22 61,3 12,62 14,40 43,05 91,80 64,07 28,00 25,93 45,45 0,00 63,74 72,67 27,95 67,21 54,14 36,79 37,19 37,82 62,93 57,56 11,02 5,56 6,17 13,71 50,41 6,35 17,82 29,23 33,63 0,00
26 Uniwersytet Ekonomiczny w Poznaniu 23 26 13 60,7 10,96 0,00 76,40 85,00 76,30 8,00 7,41 3,53 0,00 54,33 27,18 49,37 50,28 23,24 33,61 46,23 36,68 49,32 40,62 45,67 16,67 7,08 21,60 40,83 7,38 40,65 32,86 50,44 0,00
27 Uniwersytet Śląski w Katowicach 29 31 25 59,8 14,10 21,65 56,01 74,38 75,86 72,00 81,48 13,09 0,00 58,26 35,47 34,26 45,82 34,20 33,58 31,16 37,25 85,03 58,10 9,45 27,78 1,22 10,64 53,88 20,85 14,35 15,82 30,97 100,00
28= Uniwersytet Przyrodniczy w Poznaniu 31 28 28 59,1 11,58 8,24 49,38 69,06 87,90 28,00 29,63 17,22 15,91 66,68 30,28 36,65 73,41 54,65 43,47 42,21 36,68 63,95 69,64 14,17 25,00 18,31 22,83 42,98 1,19 13,03 10,03 33,63 0,00
28= Szkoła Główna Gospodarstwa Wiejskiego w Warszawie 30 23 28 58,9 15,39 27,47 51,31 71,27 67,66 36,00 44,44 7,44 3,37 88,12 46,28 31,40 79,12 44,23 41,34 40,70 35,24 56,12 52,12 11,02 16,67 8,05 21,75 49,75 9,05 23,61 25,06 47,79 0,00
30= Uniwersytet Opolski 38 40 48 58,5 3,51 0,00 52,06 59,50 53,59 32,00 51,85 8,69 0,00 51,68 24,48 36,98 24,20 35,39 100,00 100,00 100,00 60,88 47,24 2,36 27,78 10,50 29,64 58,51 27,41 19,18 12,93 43,36 100,00
30= SWPS Uniwersytet Humanistycznospołeczny w Warszawie 27 30 36 58,2 15,64 7,53 67,30 93,50 46,93 12,00 22,22 0,00 0,00 29,28 14,22 52,58 47,32 57,70 38,43 47,74 34,96 78,23 16,50 15,75 13,89 9,37 23,16 80,17 28,38 11,16 5,02 74,34 0,00
32= Politechnika Lubelska 27 31 33 57,8 5,82 10,21 63,29 83,58 45,22 12,00 14,81 100,00 0,00 44,06 38,51 28,34 38,30 72,88 24,91 31,16 44,13 44,56 40,80 3,15 5,56 1,13 36,95 58,68 8,99 15,26 52,75 17,70 0,00
32= Uniwersytet Warmińsko-Mazurski w Olsztynie 31 26 31 57,7 12,88 20,05 53,86 68,50 69,42 64,00 81,48 9,09 0,00 75,30 33,42 34,27 48,50 41,28 31,77 35,68 32,95 54,08 61,61 45,67 16,67 5,23 7,36 40,83 11,18 10,82 18,99 46,90 0,00
32= Politechnika Częstochowska 38 42 36 57,6 2,53 9,13 60,59 72,25 59,17 24,00 25,93 15,70 11,43 64,34 39,39 21,38 55,05 60,53 46,47 49,75 43,27 37,76 81,73 7,87 11,11 3,38 20,99 51,90 13,56 3,78 58,70 23,89 0,00
32= Akademia WSB w Dąbrowie Górniczej 35 42 51-60 57,5 3,30 0,00 73,17 59,50 59,26 4,00 11,11 0,00 0,00 60,65 29,97 51,22 16,10 40,15 32,34 55,28 41,83 20,07 10,36 20,47 77,78 57,02 72,92 90,58 70,07 15,12 12,48 57,52 0,00
32= Politechnika Krakowska im. Tadeusza Kościuszki 35 40 33 57,3 11,71 22,77 68,36 63,14 41,84 24,00 25,93 36,28 25,17 61,49 32,42 40,62 61,02 66,65 27,44 33,67 34,67 54,42 43,32 18,11 13,89 1,33 6,64 38,18 13,22 21,78 62,25 32,74 0,00
37= Śląski Uniwersytet Medyczny w Katowicach 31 37 30 56,6 3,46 8,84 73,13 74,80 47,98 12,00 11,11 3,91 9,23 17,83 30,24 38,12 81,85 64,69 48,80 42,21 32,66 44,22 66,87 9,45 5,56 10,89 15,39 40,99 1,30 13,48 13,42 45,13 0,00
37= Akademia Ekonomiczno-Humanistyczna w Warszawie 52-60 53-60 - 56,6 2,01 0,00 66,26 59,50 70,28 4,00 3,70 0,00 0,00 37,97 6,56 63,70 8,45 26,96 39,07 73,87 52,72 73,81 9,63 6,30 25,00 92,25 100,00 89,75 100,00 5,85 4,99 65,49 0,00
39 Zachodniopomorski Uniwersytet Technologiczny w Szczecinie 31 31 31 55,9 4,55 11,21 65,19 59,50 72,24 32,00 44,44 59,49 12,45 59,97 32,18 23,44 32,38 53,68 36,59 39,20 34,38 50,00 82,02 5,51 5,56 2,07 11,55 36,86 6,81 10,98 62,96 20,35 0,00
40= Uniwersytet Marii Curie-Skłodowskiej w Lublinie 43 34 33 55,1 11,00 18,48 49,31 64,14 76,02 60,00 81,48 10,33 7,30 54,98 31,75 29,27 60,41 30,65 35,05 31,16 37,82 72,45 54,75 16,54 19,44 3,18 31,43 49,42 14,55 7,96 9,88 48,67 0,00
40= Uczelnia Łazarskiego w Warszawie 38 50 61-70 54,8 5,48 0,00 72,61 72,25 23,39 4,00 3,70 0,00 0,00 11,34 29,06 100,00 24,88 45,89 18,45 33,67 30,09 31,63 17,85 11,02 41,67 37,00 85,28 40,50 56,58 16,54 9,12 57,52 0,00
42= Uniwersytet w Białymstoku 38 36 39 54,1 2,95 9,35 53,14 70,83 65,17 28,00 40,74 8,09 12,95 35,65 17,82 32,15 38,44 25,21 87,63 74,37 54,15 81,97 55,22 4,72 0,00 0,00 17,32 59,17 17,39 15,03 24,39 8,85 0,00
42= Uniwersytet Kardynała Stefana Wyszyńskiego w Warszawie 47 47 39 54,0 6,74 0,00 65,76 67,15 81,41 40,00 51,85 8,31 18,15 45,56 40,19 36,06 42,78 22,83 36,05 46,23 42,98 56,12 53,08 0,00 8,33 1,15 7,92 55,70 15,95 3,13 3,97 27,43 0,00
42= Społeczna Akademia Nauk z siedzibą w Łodzi 43 71-80 71-80 53,6 1,19 0,00 69,69 51,00 9,00 0,00 11,11 0,00 0,00 30,66 61,26 35,17 5,19 71,01 41,94 73,37 47,28 99,32 8,22 1,57 36,11 29,81 42,41 100,00 38,10 8,88 2,04 43,36 0,00
45= Uniwersytet Ekonomiczny we Wrocławiu 38 45 44 52,9 9,41 0,00 76,26 65,88 64,09 8,00 11,11 0,50 0,00 61,47 34,85 41,03 40,48 22,67 20,38 31,66 34,96 42,52 37,92 28,35 19,44 3,25 12,93 37,69 4,90 21,03 46,12 31,86 0,00
45= Polsko-Japońska Akademia Technik Komputerowych w Warszawie 47 53-60 61-70 52,8 5,94 0,00 73,46 59,50 19,41 4,00 11,11 3,27 0,00 7,18 35,52 62,78 52,72 100,00 28,37 40,70 40,11 41,16 9,23 0,00 16,67 30,38 65,45 42,15 44,48 6,78 3,36 61,95 0,00
47= Uniwersytet Ekonomiczny w Krakowie 47 47 48 52,3 9,49 0,00 73,53 69,70 45,32 12,00 14,81 0,32 0,00 57,60 14,58 31,78 47,72 15,07 25,20 37,19 35,24 45,92 34,44 45,67 19,44 3,83 17,99 34,21 8,48 44,91 68,52 32,74 0,00
47= Uniwersytet Zielonogórski 51 37 42 52,0 3,14 14,10 65,27 61,63 54,08 28,00 62,96 3,21 0,00 50,99 18,38 23,80 14,42 49,85 86,29 60,80 39,26 64,29 63,24 0,00 2,78 0,31 3,36 68,60 18,55 11,02 23,13 10,62 0,00
47= Uniwersytet Rolniczy im. Hugona Kołłątaja w Krakowie 52-60 37 36 51,9 7,48 8,14 43,66 66,79 82,91 24,00 29,63 15,79 18,35 69,75 22,96 26,77 68,29 50,19 37,83 40,20 34,96 73,47 64,25 0,00 11,11 0,94 5,05 43,64 8,61 10,19 17,41 17,70 0,00
47= Wojskowa Akademia Techniczna im. J. Dąbrowskiego w Warszawie 43 42 45 51,8 8,30 0,00 79,65 69,06 32,64 24,00 25,93 5,22 0,00 23,60 43,44 17,66 29,05 66,87 20,30 23,12 36,10 51,36 84,58 3,15 0,00 0,00 2,31 31,57 3,97 15,80 11,64 5,31 0,00
47= Katolicki Uniwersytet Lubelski Jana Pawła II 43 45 39 51,8 10,50 0,00 57,60 62,69 75,64 44,00 40,74 0,00 0,00 41,29 37,20 32,92 40,44 18,04 25,51 37,69 42,69 51,36 65,54 1,57 25,00 3,25 29,25 38,18 32,70 14,91 20,84 26,55 0,00
52-60 Akademia Finansów i Biznesu Vistula 47 53-60 51-60 - 2,46 0,00 79,93 59,50 43,06 0,00 11,11 0,00 0,00 18,10 19,46 32,79 5,93 26,52 23,59 33,17 24,36 51,36 8,52 9,45 33,33 100,00 100,00 38,84 87,34 23,77 6,88 96,46 0,00
52-60 AWF im. Jerzego Kukuczki w Katowicach 35 53-60 61-70 - 1,57 0,00 55,69 85,00 31,42 4,00 3,70 11,56 0,00 8,33 56,76 26,24 56,32 82,52 33,75 34,67 34,96 43,88 38,08 0,00 0,00 0,00 0,74 69,09 14,83 30,18 35,04 1,77 0,00
52-60 Collegium Civitas w Warszawie 61-70 50 61-70 - 5,16 0,00 75,45 59,50 28,83 0,00 3,70 0,00 0,00 3,81 16,67 42,27 0,00 27,58 16,17 32,16 25,21 67,01 13,17 1,57 52,80 37,90 86,97 57,52 46,49 31,21 36,07 57,52 0,00
52-60 Politechnika Białostocka 52-60 53-60 46 - 3,36 3,37 61,37 63,14 52,75 20,00 29,63 15,89 29,09 53,89 25,01 36,51 33,87 61,49 21,93 26,63 27,79 43,20 51,10 12,60 19,44 8,37 10,62 34,21 20,65 14,90 72,92 21,24 0,00
52-60 Politechnika Rzeszowska im. Ignacego Łukasiewicza 52-60 53-60 61-70 - 5,82 16,34 60,21 63,75 44,01 16,00 25,93 34,23 5,03 46,22 37,23 33,57 39,79 38,89 29,17 36,18 35,24 42,86 41,74 12,60 0,00 1,50 3,23 37,19 11,48 1,67 6,17 3,54 0,00
52-60 Politechnika Świętokrzyska w Kielcach 52-60 71-80 61-70 - 2,01 0,00 56,90 64,60 41,33 16,00 14,81 24,57 43,72 36,85 50,51 28,32 41,51 82,12 14,18 23,12 26,07 21,43 49,53 3,15 5,56 3,13 10,51 24,13 10,75 7,64 20,69 20,35 0,00
52-60 Uniwersytet Ekonomiczny w Katowicach 52-60 47 47 - 3,46 0,00 68,16 78,63 58,84 8,00 7,41 0,00 0,00 45,01 16,82 39,98 59,44 19,80 22,59 32,16 34,96 39,46 30,89 22,05 25,00 3,68 7,52 30,41 2,05 18,92 23,54 41,59 0,00
52-60 Uniwersytet Przyrodniczy w Lublinie 52-60 34 42 - 5,90 3,09 38,61 68,00 82,28 20,00 25,93 24,96 0,00 56,89 31,64 28,93 72,87 64,68 29,39 31,16 34,67 50,68 58,16 6,30 2,78 0,52 6,94 31,90 1,42 15,64 7,83 12,39 0,00
52-60 Uniwersytet Szczeciński 52-60 50 48 - 3,25 0,00 59,00 64,60 64,03 52,00 59,26 0,82 0,00 64,81 21,44 27,93 41,97 23,88 27,36 38,69 28,65 48,98 56,37 4,72 13,89 2,45 14,21 49,75 28,55 7,34 12,76 34,51 0,00
61-70 Akademia Pedagogiki Specjalnej im. M. Grzegorzewskiej w Warszawie 61-70 61-70 61-70 - 4,20 0,00 75,20 59,50 41,97 4,00 11,11 0,00 0,00 24,16 25,55 12,92 31,22 10,60 30,60 52,26 32,09 72,79 40,91 1,57 0,00 0,00 2,36 49,26 2,82 8,40 12,81 7,96 0,00
61-70 Akademia Wychowania Fizycznego i Sportu w Gdańsku 61-70 61-70 71-80 - 0,57 0,00 59,79 68,00 27,08 4,00 3,70 0,00 0,00 7,55 18,04 20,00 47,27 89,29 35,34 36,68 36,96 32,65 40,51 0,00 5,56 6,28 10,70 79,67 22,78 21,21 34,85 9,73 0,00
61-70 Politechnika Bydgoska im. J. i J. Śniadeckich 61-70 61-70 48 - 1,01 0,00 68,12 55,86 51,75 12,00 29,63 34,56 10,06 47,26 30,61 30,20 32,23 41,37 30,50 38,19 33,52 46,94 51,49 0,00 0,00 0,00 2,42 41,82 17,88 4,66 32,06 5,31 0,00
61-70 Politechnika Koszalińska 71-80 71-80 61-70 - 1,21 0,00 60,22 55,86 48,48 12,00 18,52 23,03 19,41 37,81 33,32 31,98 19,59 43,33 28,91 46,23 34,96 42,18 57,66 0,00 0,00 0,00 6,20 57,85 26,96 6,15 16,71 5,31 0,00
61-70 Politechnika Opolska 61-70 53-60 48 - 1,81 0,00 62,07 55,25 52,69 12,00 11,11 15,33 18,65 36,65 27,35 31,50 35,53 59,73 28,02 35,18 32,38 52,04 52,92 3,15 5,56 2,43 21,03 44,63 31,08 15,82 26,96 10,62 0,00
61-70 Uniwersytet Humanistyczno-Przyrod. im. J. Długosza w Częstochowie 71-80 61-70 51-60 - 0,46 0,00 48,31 59,50 62,51 4,00 29,63 15,22 97,50 23,50 22,82 40,54 9,97 30,51 38,90 32,66 38,11 62,59 44,38 0,00 0,00 1,97 13,62 79,17 12,87 8,86 56,20 3,54 0,00
61-70 Uniwersytet Kazimierza Wielkiego w Bydgoszczy 71-80 71-80 61-70 - 2,03 0,00 60,17 66,79 56,70 20,00 33,33 6,36 30,56 45,47 18,62 24,01 23,59 27,24 21,69 28,64 33,52 35,71 51,56 0,00 0,00 0,00 7,56 52,73 22,86 4,05 8,85 8,85 0,00
61-70 Uniwersytet Morski w Gdyni 61-70 71-80 80+ - 1,14 0,00 63,49 53,13 34,90 8,00 14,81 4,71 47,64 41,51 49,15 19,38 24,28 42,04 22,81 32,66 25,50 53,40 40,48 0,00 0,00 0,00 8,07 22,98 15,83 31,75 20,66 7,96 0,00
61-70 Uniwersytet Pedagogiczny im. KEN w Krakowie 61-70 61-70 51-60 - 2,38 3,17 55,70 77,71 51,84 24,00 48,15 1,27 0,00 49,97 18,24 23,79 28,11 17,51 22,97 32,66 33,24 55,10 41,66 6,30 0,00 0,00 7,91 57,36 24,40 11,61 11,51 20,35 0,00
61-70 Uniwersytet Rzeszowski 61-70 53-60 51-60 - 2,86 5,00 47,36 61,63 54,42 24,00 66,67 11,62 0,00 45,63 45,90 31,93 24,47 46,61 34,18 33,67 39,54 51,02 44,56 0,00 2,78 1,11 4,76 53,39 16,82 1,12 0,44 20,35 0,00
71-80 Akademia Morska w Szczecinie 80+ 61-70 71-80 - 1,74 0,00 57,10 59,50 29,50 8,00 7,41 11,30 0,00 29,50 17,42 4,31 3,21 31,76 33,53 41,21 38,97 53,06 40,82 7,87 5,56 6,96 45,04 31,40 14,64 8,29 2,82 16,81 0,00
71-80 Akademia Pomorska w Słupsku 71-80 61-70 61-70 - 0,59 0,00 60,32 54,40 39,45 0,00 14,81 0,00 0,00 33,58 17,61 20,67 12,34 15,76 36,03 39,20 31,52 46,26 49,55 0,00 2,78 4,47 60,91 49,26 25,44 0,87 68,70 16,81 0,00
71-80 Akademia Wychowania Fizycznego im. E. Piaseckiego w Poznaniu 80+ 80+ 80+ - 0,71 0,00 58,51 51,00 38,34 4,00 7,41 0,00 0,00 18,85 13,45 30,64 33,18 47,89 34,20 34,67 28,94 45,58 42,04 0,00 0,00 0,00 1,73 51,40 4,22 54,85 37,02 2,65 0,00
71-80 Akademia Wychowania Fizycznego Józefa Piłsudskiego w Warszawie 61-70 80+ 80+ - 1,24 0,00 57,50 68,00 24,66 4,00 3,70 0,00 0,00 15,41 60,16 4,93 40,67 59,06 25,89 24,12 29,51 28,57 33,58 0,00 0,00 0,00 11,87 26,94 0,00 59,31 60,81 7,08 0,00
71-80 Akademia Wychowania Fizycznego we Wrocławiu 71-80 71-80 71-80 - 1,61 0,00 54,68 76,50 27,56 4,00 3,70 0,00 0,00 11,61 13,05 12,68 41,37 76,20 24,54 24,62 26,65 25,17 50,84 0,00 0,00 0,00 5,51 42,81 0,00 8,54 3,76 6,19 0,00
71-80 Dolnośląska Szkoła Wyższa we Wrocławiu 61-70 61-70 71-80 - 2,68 0,00 65,12 59,50 45,43 4,00 7,41 0,00 0,00 14,67 27,90 21,53 25,71 15,40 0,00 38,19 38,97 63,95 10,79 0,00 5,56 14,46 31,86 55,04 66,89 1,99 9,88 35,40 0,00
71-80 Uniwersytet Jana Kochanowskiego w Kielcach 71-80 61-70 51-60 - 2,06 4,65 52,25 63,14 61,86 16,00 51,85 9,69 0,00 35,97 13,32 29,04 26,13 29,34 30,59 29,15 32,95 48,64 51,53 9,45 5,56 2,50 9,97 51,07 25,18 5,80 11,39 33,63 0,00
71-80 Uniwersytet Papieski Jana Pawła II w Krakowie 71-80 61-70 51-60 - 2,77 0,00 57,78 68,00 88,89 12,00 18,52 0,00 0,00 3,58 7,78 50,10 56,09 5,23 5,07 18,09 21,78 22,79 54,95 6,30 2,78 0,51 14,67 20,50 3,77 13,83 13,50 18,58 0,00
71-80 Uniwersytet Przyrodniczo-Humanistyczny w Siedlcach 71-80 53-60 51-60 - 1,29 0,00 52,95 59,50 70,72 16,00 22,22 16,20 0,00 44,46 27,01 21,51 35,04 31,07 18,73 19,60 32,38 27,55 53,89 0,00 0,00 0,00 8,88 30,41 16,40 5,03 28,40 4,42 0,00
71-80 Wyższa Szkoła Bankowa w Poznaniu 71-80 80+ 80+ - 3,35 0,00 70,23 34,00 15,66 0,00 3,70 0,00 0,00 25,80 15,44 47,93 0,00 47,82 33,54 55,78 44,70 72,11 5,95 11,02 19,44 5,25 13,49 28,93 4,46 4,33 3,44 51,33 0,00
80+ Akademia Ignatianum w Krakowie 80+ 80+ 71-80 - 2,80 0,00 52,89 59,50 46,44 0,00 14,81 0,00 0,00 14,94 26,00 40,16 9,59 9,49 28,30 33,67 26,65 47,62 45,78 6,30 0,00 0,00 3,52 43,31 14,04 18,93 38,71 6,19 0,00
80+ Akademia Katolicka w Warszawie 80+ 90+ 80+ - 1,04 0,00 84,24 59,50 42,91 4,00 3,70 0,00 0,00 0,00 0,76 28,18 8,41 6,47 1,99 15,08 21,49 0,00 48,34 6,30 0,00 0,00 40,71 18,35 0,00 0,00 0,00 18,58 0,00
80+ Akademia Marynarki Wojennej im. Bohaterów Westerplatte w Gdyni 90+ 90+ - - 2,27 0,00 56,15 46,75 20,63 4,00 11,11 3,84 0,00 18,78 7,30 9,43 16,68 46,45 14,87 21,61 23,21 70,41 64,54 0,00 8,33 7,85 1,05 17,52 7,68 100,00 52,87 2,65 0,00
80+ Akademia Techniczno-Humanistyczna w Bielsku-Białej 80+ 71-80 - - 0,88 0,00 62,71 54,40 54,18 4,00 11,11 8,34 0,00 33,30 14,23 10,16 8,22 35,79 27,18 31,66 36,10 32,65 44,88 0,00 2,78 0,21 2,28 51,74 32,76 1,43 35,11 4,42 0,00
80+ Akademia Wychowania Fizycznego im. Bronisława Czecha w Krakowie 71-80 80+ 71-80 - 0,95 0,00 52,52 68,00 21,88 4,00 3,70 5,33 13,47 18,94 9,58 10,00 35,54 97,01 20,54 24,62 26,65 36,05 37,13 4,72 0,00 0,00 3,63 34,38 0,00 17,98 25,92 5,31 0,00
80+ Chrześcijańska Akademia Teologiczna w Warszawie 80+ 80+ 71-80 - 0,54 0,00 51,87 59,50 87,07 4,00 7,41 0,00 0,00 0,00 6,67 23,59 43,60 0,00 0,00 0,00 0,00 0,00 94,89 0,00 0,00 0,00 22,35 0,00 0,00 8,53 6,77 7,08 0,00
80+ Krakowska Akademia im. A. F. Modrzewskiego 80+ 71-80 80+ - 3,97 0,00 56,27 42,50 31,80 4,00 11,11 0,00 0,00 22,35 3,79 33,37 8,57 19,40 25,89 29,65 28,94 35,03 27,55 6,30 13,89 8,06 67,63 47,60 7,41 8,40 13,59 38,05 0,00
80+ Papieski Wydział Teologiczny we Wrocławiu 80+ 80+ 71-80 - 1,08 0,00 65,48 59,50 100,00 4,00 3,70 0,00 0,00 0,00 5,25 0,00 0,00 4,49 0,36 2,01 16,05 0,00 100,00 0,00 0,00 0,00 10,64 0,00 0,00 0,00 0,00 6,19 0,00
80+ Uniwersytet Technologiczno-Human. im. K. Pułaskiego w Radomiu 80+ 80+ 71-80 - 0,22 0,00 61,22 46,75 59,07 8,00 22,22 18,63 0,00 27,63 14,83 35,07 14,64 30,12 23,25 30,65 31,23 31,63 53,62 0,00 0,00 0,00 4,25 47,11 16,18 7,46 8,29 7,08 0,00
80+ Wyższa Szkoła Humanitas w Sosnowcu 90+ 80+ - - 0,45 0,00 68,23 46,75 45,53 0,00 3,70 0,00 0,00 0,00 10,81 82,67 0,00 0,00 0,00 0,00 0,00 0,00 19,39 0,00 22,22 39,47 51,81 0,00 83,90 5,25 16,66 6,19 0,00
91+ Akademia Humanistyczno-Ekonomiczna w Łodzi 90+ 90+ 80+ - 1,31 0,00 75,67 0,00 16,44 0,00 3,70 0,00 0,00 3,68 8,26 13,98 0,00 6,70 9,75 14,07 24,93 47,62 13,03 0,00 11,11 2,20 18,81 14,05 9,94 3,86 8,06 39,82 0,00
91+ Akademia im. Jakuba z Paradyża w Gorzowie Wielkopolskim 90+ 90+ - - 0,24 0,00 55,80 40,38 52,34 0,00 3,70 8,59 0,00 0,00 7,67 21,14 4,01 0,00 0,00 0,00 0,00 0,00 59,06 0,00 0,00 0,00 10,10 0,00 13,10 0,00 3,46 2,65 0,00
91+ PWSZ im. Pr. S. Wojciechowskiego w Kaliszu 90+ 90+ - - 0,21 0,00 59,91 0,00 39,41 0,00 7,41 1,40 0,00 0,00 19,09 19,90 2,08 0,00 0,00 0,00 0,00 0,00 40,06 0,00 0,00 0,00 1,26 0,00 8,11 0,00 43,09 3,54 0,00
91+ Szkoła Główna Służby Pożarniczej - - - - 0,62 0,00 86,00 34,00 23,53 0,00 7,41 2,95 0,00 26,00 19,08 7,85 3,91 47,57 20,63 24,62 26,93 28,91 32,48 0,00 0,00 0,00 4,08 12,23 0,00 0,00 2,27 1,77 0,00
91+ Wyższa Szkoła Bankowa w Gdańsku 90+ 90+ 80+ - 0,89 0,00 62,92 46,75 30,38 0,00 3,70 0,00 0,00 0,00 20,37 14,31 2,37 0,00 0,00 0,00 0,00 0,00 7,00 6,30 11,11 5,19 4,86 0,00 59,87 5,40 2,49 23,89 0,00
91+ Wyższa Szkoła Bankowa we Wrocławiu 90+ 90+ 80+ - 1,67 0,00 71,71 34,00 27,35 0,00 3,70 0,00 0,00 0,00 1,39 17,35 9,21 0,00 0,00 0,00 0,00 0,00 6,60 0,00 11,11 1,68 24,73 0,00 28,35 13,22 2,56 42,48 0,00
